ID	European %	East Asian %	Native American %	African %	South Asian %	Oceanian %	West Asian %	EUR %
S1	0.141505	0.102473	0.454908	0.171713	0.0164	0.015209	0.097791	0.239296
S2	0.511	0.001156	0.00001	0.431746	0.009851	0.000304	0.045933	0.556933
S3	0.537303	0.00001	0.00001	0.00001	0.011622	0.000742	0.450303	0.987606
S4	0.358871	0.008665	0.310959	0.066621	0.008642	0.00001	0.246232	0.605103
S6	0.00001	0.739557	0.000011	0.00001	0.00001	0.260392	0.00001	0.00002
S7	0.00001	0.999924	0.00002	0.00001	0.00001	0.000016	0.00001	0.00002
S8	0.762084	0.00001	0.079664	0.010094	0.018731	0.00001	0.129406	0.89149
S9	0.64019	0.000011	0.00001	0.00001	0.005144	0.003609	0.351025	0.991215
S11	0.85985	0.00001	0.000011	0.00001	0.021967	0.00001	0.118142	0.977992
S12	0.574524	0.00001	0.041626	0.099103	0.00001	0.00001	0.284717	0.859241
S13	0.935335	0.00001	0.00001	0.00001	0.00001	0.00001	0.064615	0.99995
S14	0.037777	0.000011	0.00001	0.002379	0.947296	0.006413	0.006114	0.043891
S15	0.00001	0.995817	0.00001	0.00001	0.00001	0.004133	0.00001	0.00002
S16	0.306147	0.000021	0.417064	0.049186	0.00001	0.004246	0.223326	0.529473
S17	0.870043	0.00001	0.00001	0.003314	0.010433	0.00016	0.11603	0.986073
S18	0.113	0.00001	0.00001	0.870126	0.015921	0.000611	0.000322	0.113322
S19	0.00001	0.944811	0.00001	0.000225	0.018723	0.031784	0.004438	0.004448
S20	0.383107	0.033667	0.005115	0.00001	0.106836	0.00001	0.471255	0.854362
S21	0.298091	0.008624	0.374165	0.076706	0.004472	0.003781	0.234161	0.532252
S22	0.00001	0.999929	0.00001	0.000014	0.000017	0.00001	0.00001	0.00002
S23	0.477695	0.015281	0.00001	0.011451	0.064915	0.002646	0.428002	0.905697
S24	0.884755	0.00001	0.00001	0.00001	0.00001	0.00001	0.115195	0.99995
S25	0.16176	0.015366	0.000018	0.00001	0.802919	0.004965	0.014962	0.176722
S26	0.345206	0.005472	0.00001	0.01121	0.049429	0.001915	0.586758	0.931964
S27	0.00001	0.997429	0.00001	0.00001	0.00001	0.002521	0.00001	0.00002
S28	0.383367	0.00001	0.00001	0.008507	0.045398	0.00001	0.562698	0.946065
S29	0.440373	0.446706	0.00001	0.003061	0.041966	0.04576	0.022125	0.462498
S30	0.00001	0.965776	0.00001	0.005818	0.00001	0.028366	0.00001	0.00002
S31	0.873738	0.00001	0.00001	0.003698	0.02072	0.00001	0.101814	0.975552
S32	0.918838	0.00001	0.00001	0.001776	0.004157	0.00001	0.075199	0.994037
S33	0.273937	0.024014	0.39841	0.071915	0.007079	0.008846	0.2158	0.489737
S34	0.012227	0.911359	0.00001	0.0066	0.030986	0.032694	0.006122	0.018349
S35	0.000017	0.929616	0.00001	0.003182	0.022825	0.040826	0.003524	0.003541
S37	0.582644	0.004292	0.00001	0.000673	0.052421	0.00001	0.359949	0.942593
S38	0.365909	0.00001	0.00001	0.006162	0.032085	0.00001	0.595814	0.961723
S39	0.00001	0.999591	0.000359	0.00001	0.00001	0.00001	0.00001	0.00002
S47	0.00001	0.99994	0.00001	0.00001	0.00001	0.00001	0.00001	0.00002
S48	0.31255	0.065443	0.36309	0.11415	0.059694	0.004062	0.081012	0.393562
S49	0.224266	0.035655	0.475436	0.092644	0.0141	0.00717	0.15073	0.374996
S50	0.225781	0.004346	0.007423	0.745027	0.007489	0.002664	0.007271	0.233052
S53	0.198686	0.00485	0.602628	0.051668	0.000093	0.008622	0.133452	0.332138
S54	0.153994	0.012511	0.697575	0.039826	0.010149	0.002466	0.083479	0.237473
S55	0.886454	0.00001	0.00001	0.00001	0.031469	0.00001	0.082037	0.968491
S56	0.757842	0.00001	0.000013	0.00001	0.031134	0.005034	0.205957	0.963799
S57	0.774133	0.00001	0.00001	0.004524	0.043556	0.00001	0.177756	0.951889
S58	0.053554	0.089769	0.00001	0.003138	0.839252	0.014266	0.00001	0.053564
S59	0.268849	0.014846	0.44804	0.088334	0.016766	0.005652	0.157513	0.426362
S60	0.012741	0.003132	0.951527	0.012011	0.00001	0.002604	0.017975	0.030716
S61	0.426997	0.50156	0.00001	0.00001	0.02486	0.0075	0.039063	0.46606
S62	0.077556	0.009447	0.00001	0.00001	0.898195	0.014772	0.00001	0.077566
S63	0.000015	0.980861	0.00001	0.00001	0.007705	0.00001	0.011389	0.011404
S64	0.00001	0.99994	0.00001	0.00001	0.00001	0.00001	0.00001	0.00002
S65	0.242442	0.017842	0.468825	0.059091	0.028525	0.009042	0.174234	0.416676
S66	0.359042	0.031935	0.383354	0.061052	0.024671	0.002946	0.137	0.496042
S67	0.914553	0.00001	0.00001	0.00001	0.064216	0.00001	0.021191	0.935744
S68	0.397534	0.013978	0.255012	0.048622	0.009578	0.00001	0.275267	0.672801
S69	0.311716	0.0142	0.416819	0.101558	0.00001	0.00001	0.155687	0.467403
S70	0.786937	0.00001	0.00001	0.003562	0.023428	0.00001	0.186043	0.97298
S71	0.874083	0.00001	0.00001	0.00001	0.014903	0.001933	0.109052	0.983135
S72	0.580181	0.00001	0.000012	0.00001	0.018563	0.00001	0.401214	0.981395
S73	0.00001	0.973145	0.00001	0.00001	0.019435	0.007381	0.00001	0.00002
S74	0.223443	0.014797	0.532999	0.105506	0.006952	0.000431	0.115872	0.339315
S75	0.804498	0.001152	0.00001	0.00001	0.011677	0.000225	0.182428	0.986926
S76	0.893785	0.047212	0.004666	0.00001	0.048673	0.005644	0.00001	0.893795
S77	0.840884	0.00001	0.00001	0.00001	0.012906	0.00001	0.14617	0.987054
S78	0.267694	0.00001	0.42068	0.12729	0.011515	0.00204	0.170772	0.438466
S79	0.863054	0.00001	0.00001	0.00001	0.027234	0.00001	0.109672	0.972726
S80	0.00001	0.99994	0.00001	0.00001	0.00001	0.00001	0.00001	0.00002
S81	0.067122	0.00001	0.00001	0.00001	0.900437	0.004823	0.027588	0.09471
S82	0.344633	0.012412	0.00001	0.001217	0.061702	0.00001	0.580017	0.92465
S83	0.757072	0.001857	0.00001	0.004139	0.023957	0.00845	0.204516	0.961588
S84	0.391437	0.00001	0.345709	0.05458	0.00001	0.00001	0.208244	0.599681
S85	0.804843	0.008688	0.00001	0.00001	0.049731	0.00001	0.136708	0.941551
S86	0.260639	0.015241	0.430015	0.110315	0.029288	0.00001	0.154492	0.415131
S87	0.00001	0.999937	0.00001	0.00001	0.00001	0.000013	0.00001	0.00002
S88	0.06191	0.00001	0.00001	0.00203	0.915329	0.00001	0.020702	0.082612
S89	0.897747	0.00001	0.00001	0.00001	0.0182	0.00001	0.084013	0.98176
S90	0.672774	0.206381	0.00001	0.004632	0.022276	0.012278	0.08165	0.754424
S93	0.251575	0.003897	0.563042	0.004377	0.00001	0.000046	0.177053	0.428628
S95	0.00001	0.012294	0.986208	0.00001	0.001458	0.00001	0.00001	0.00002
S96	0.318039	0.00001	0.386731	0.094897	0.00001	0.001832	0.198481	0.51652
S97	0.222423	0.015158	0.514832	0.100989	0.004613	0.004497	0.137488	0.359911
S98	0.271671	0.022669	0.404278	0.07533	0.020775	0.00001	0.205266	0.476937
S99	0.00001	0.99994	0.00001	0.00001	0.00001	0.00001	0.00001	0.00002
S100	0.160325	0.007358	0.00109	0.001687	0.318387	0.00001	0.511143	0.671468
S101	0.169851	0.011102	0.689733	0.000112	0.010809	0.003103	0.115289	0.28514
S102	0.793566	0.00001	0.00001	0.00001	0.025357	0.00001	0.181037	0.974603
S103	0.00001	0.99994	0.00001	0.00001	0.00001	0.00001	0.00001	0.00002
S104	0.220084	0.000015	0.57342	0.06876	0.00001	0.003985	0.133727	0.353811
S105	0.00001	0.946676	0.00001	0.004869	0.00001	0.048415	0.00001	0.00002
S106	0.591506	0.00001	0.00001	0.00395	0.057005	0.00001	0.347509	0.939015
S107	0.114985	0.00001	0.00001	0.00001	0.85121	0.000035	0.03374	0.148725
S108	0.89754	0.000013	0.00001	0.002427	0.028659	0.00001	0.07134	0.96888
S109	0.905157	0.00001	0.00001	0.00001	0.018803	0.000379	0.075631	0.980788
S110	0.881454	0.00001	0.00001	0.003059	0.011234	0.00001	0.104223	0.985677
S111	0.9251	0.00001	0.00001	0.00001	0.017824	0.00001	0.057037	0.982137
S113	0.00001	0.99994	0.00001	0.00001	0.00001	0.00001	0.00001	0.00002
S114	0.215952	0.004991	0.01151	0.071213	0.078776	0.00001	0.617548	0.8335
S115	0.218388	0.00001	0.604313	0.060067	0.000302	0.000941	0.115979	0.334367
S116	0.00001	0.999934	0.000016	0.00001	0.00001	0.00001	0.00001	0.00002
S117	0.903198	0.00001	0.00001	0.004598	0.027772	0.00001	0.064403	0.967601
S118	0.00001	0.947264	0.00001	0.004093	0.00001	0.048603	0.00001	0.00002
S119	0.381871	0.007059	0.326176	0.064523	0.00001	0.00001	0.220351	0.602222
S120	0.886087	0.00001	0.00001	0.00001	0.023614	0.00001	0.09026	0.976347
S121	0.274959	0.032733	0.402469	0.105596	0.014327	0.00001	0.169905	0.444864
S122	0.00001	0.99994	0.00001	0.00001	0.00001	0.00001	0.00001	0.00002
S123	0.00001	0.99994	0.00001	0.00001	0.00001	0.00001	0.00001	0.00002
S124	0.98443	0.00001	0.00001	0.00001	0.01552	0.00001	0.00001	0.98444
S125	0.877077	0.002897	0.017196	0.00001	0.035198	0.00001	0.067612	0.944689
S127	0.24259	0.023202	0.497612	0.060308	0.024241	0.000606	0.151441	0.394031
S128	0.857073	0.001502	0.00001	0.00001	0.07745	0.00001	0.063945	0.921018
S129	0.369998	0.00001	0.386683	0.059851	0.012969	0.001167	0.169323	0.539321
S130	0.879865	0.00001	0.00001	0.00001	0.017508	0.00001	0.102587	0.982452
S131	0.851813	0.00001	0.00001	0.004899	0.027903	0.00001	0.115356	0.967169
S132	0.147394	0.013621	0.664511	0.073238	0.011081	0.002837	0.087318	0.234712
S133	0.926174	0.00001	0.00001	0.00001	0.022106	0.00001	0.05168	0.977854
S134	0.846732	0.002156	0.00001	0.00001	0.017798	0.000239	0.133055	0.979787
S135	0.871206	0.00001	0.00001	0.00001	0.020342	0.00001	0.108412	0.979618
S136	0.390773	0.001474	0.00001	0.007047	0.060212	0.00001	0.540474	0.931247
S137	0.00001	0.969884	0.00001	0.00002	0.00001	0.030056	0.00001	0.00002
S138	0.170153	0.008327	0.00001	0.00001	0.793981	0.004148	0.023371	0.193524
S139	0.897381	0.00001	0.00001	0.00001	0.029661	0.00001	0.072919	0.9703
S140	0.892764	0.00001	0.00001	0.001948	0.022618	0.00001	0.08264	0.975404
S141	0.00001	0.998192	0.001758	0.00001	0.00001	0.00001	0.00001	0.00002
S142	0.644112	0.00001	0.00001	0.027788	0.00001	0.00001	0.32806	0.972172
S143	0.003884	0.913697	0.00001	0.00001	0.023599	0.04533	0.013469	0.017353
S144	0.195358	0.008182	0.602276	0.050968	0.002567	0.00912	0.131529	0.326887
S145	0.875553	0.00001	0.00001	0.007423	0.029157	0.00001	0.087836	0.963389
S146	0.281536	0.011763	0.47252	0.055286	0.00001	0.00001	0.178875	0.460411
S147	0.304205	0.025858	0.294564	0.037018	0.147623	0.014608	0.176123	0.480328
S148	0.291148	0.000532	0.00001	0.680063	0.026597	0.00001	0.001639	0.292787
S149	0.41813	0.005631	0.00001	0.00001	0.054589	0.00001	0.52162	0.93975
S150	0.902543	0.00001	0.00001	0.00001	0.028629	0.00001	0.068788	0.971331
S151	0.397713	0.00001	0.00001	0.00001	0.039584	0.00001	0.562663	0.960376
S152	0.873705	0.00001	0.00001	0.00001	0.048303	0.00001	0.077951	0.951656
S153	0.483161	0.002291	0.00001	0.00001	0.480081	0.00001	0.034437	0.517598
S154	0.320679	0.007469	0.403452	0.049932	0.00001	0.00001	0.218447	0.539126
S155	0.647806	0.000016	0.112029	0.011364	0.030019	0.00001	0.198755	0.846561
S156	0.228202	0.008951	0.00001	0.709706	0.011598	0.006429	0.035104	0.263306
S157	0.246774	0.013116	0.47436	0.075798	0.004411	0.016074	0.169467	0.416241
S158	0.890215	0.00001	0.00001	0.00001	0.021699	0.000338	0.087718	0.977933
S159	0.633943	0.004242	0.00001	0.012725	0.02814	0.00001	0.320931	0.954874
S160	0.850417	0.00001	0.00001	0.000019	0.014519	0.00001	0.135015	0.985432
S161	0.862069	0.00001	0.00001	0.00001	0.00809	0.00001	0.129802	0.991871
S162	0.89741	0.000017	0.024053	0.011191	0.008437	0.00001	0.058881	0.956291
S163	0.00001	0.99994	0.00001	0.00001	0.00001	0.00001	0.00001	0.00002
S164	0.881479	0.014259	0.00001	0.00001	0.018158	0.00631	0.079775	0.961254
S165	0.928025	0.00001	0.00001	0.00001	0.007194	0.004285	0.060465	0.98849
S166	0.12468	0.024782	0.710124	0.032634	0.00001	0.000954	0.106816	0.231496
S167	0.202822	0.00001	0.592523	0.069131	0.00001	0.001383	0.134121	0.336943
S168	0.80342	0.00001	0.00001	0.00001	0.007812	0.00001	0.188727	0.992147
S169	0.393771	0.007577	0.383067	0.05275	0.00001	0.003321	0.159504	0.553275
S170	0.896247	0.00001	0.00001	0.00001	0.000248	0.004665	0.09881	0.995057
S171	0.59195	0.00001	0.00001	0.00001	0.037438	0.00001	0.370572	0.962522
S172	0.933963	0.00001	0.00001	0.00001	0.024916	0.00001	0.041081	0.975044
S173	0.00001	0.99994	0.00001	0.00001	0.00001	0.00001	0.00001	0.00002
S174	0.637316	0.00001	0.00001	0.00001	0.032252	0.000312	0.330091	0.967407
S175	0.292231	0.00001	0.457276	0.048175	0.00001	0.000676	0.201622	0.493853
S176	0.098971	0.00001	0.816626	0.018743	0.00001	0.003518	0.062122	0.161093
S177	0.088722	0.776395	0.000016	0.00001	0.01427	0.111535	0.009052	0.097774
S178	0.882724	0.00001	0.00001	0.000911	0.00931	0.00001	0.107024	0.989748
S179	0.54597	0.00001	0.062245	0.007755	0.00001	0.00001	0.384	0.92997
S180	0.906195	0.00001	0.00001	0.00001	0.025161	0.00001	0.068604	0.974799
S181	0.00001	0.99994	0.00001	0.00001	0.00001	0.00001	0.00001	0.00002
S182	0.402935	0.019718	0.283808	0.059285	0.00001	0.00001	0.234234	0.637169
S183	0.153057	0.519883	0.00001	0.013576	0.041772	0.010447	0.261253	0.41431
S184	0.004047	0.880893	0.00001	0.004501	0.034845	0.064683	0.011021	0.015068
S185	0.130134	0.004043	0.003179	0.00001	0.321092	0.00001	0.541532	0.671666
S186	0.887797	0.00001	0.000015	0.00001	0.00619	0.001883	0.104095	0.991892
S187	0.35814	0.008166	0.00001	0.008306	0.022473	0.00001	0.602896	0.961036
S188	0.888167	0.00001	0.00001	0.000012	0.049674	0.00001	0.062118	0.950285
S189	0.00001	0.99994	0.00001	0.00001	0.00001	0.00001	0.00001	0.00002
S190	0.325879	0.00001	0.00001	0.00001	0.064498	0.00001	0.609583	0.935462
S191	0.191274	0.001534	0.00001	0.00001	0.70404	0.00001	0.103122	0.294396
S192	0.121607	0.01864	0.00001	0.00001	0.762791	0.008015	0.088927	0.210534
S194	0.848857	0.000013	0.00001	0.000184	0.025696	0.00001	0.12523	0.974087
S195	0.224787	0.00001	0.00001	0.760566	0.014607	0.00001	0.00001	0.224797
S196	0.039006	0.836177	0.00001	0.011354	0.018146	0.048732	0.046576	0.085582
S197	0.292071	0.008481	0.413395	0.08742	0.00001	0.002571	0.196053	0.488124
S198	0.000015	0.90843	0.00001	0.000066	0.001312	0.090157	0.00001	0.000025
S199	0.00001	0.99993	0.000012	0.000015	0.00001	0.000013	0.00001	0.00002
S200	0.00001	0.99994	0.00001	0.00001	0.00001	0.00001	0.00001	0.00002
S201	0.004706	0.914395	0.00001	0.005353	0.03047	0.039805	0.005261	0.009967
S202	0.419187	0.000012	0.00001	0.084982	0.00001	0.003014	0.492786	0.911973
S203	0.867219	0.00001	0.001733	0.00001	0.023905	0.00001	0.107114	0.974333
S204	0.331009	0.004925	0.00001	0.016159	0.084401	0.00001	0.563486	0.894495
S205	0.00001	0.96919	0.00001	0.00001	0.00001	0.03076	0.00001	0.00002
S206	0.358813	0.006122	0.00001	0.009482	0.081178	0.001595	0.542799	0.901612
S207	0.899289	0.00001	0.00001	0.005171	0.007164	0.00001	0.088345	0.987634
S209	0.710284	0.00001	0.00001	0.00001	0.012399	0.00001	0.277278	0.987562
S210	0.00001	0.999938	0.000012	0.00001	0.00001	0.00001	0.00001	0.00002
S211	0.00001	0.99993	0.00001	0.00001	0.00002	0.00001	0.00001	0.00002
S212	0.00001	0.99994	0.00001	0.00001	0.00001	0.00001	0.00001	0.00002
S213	0.378873	0.007566	0.00001	0.015053	0.066504	0.00036	0.531635	0.910508
S214	0.068415	0.00001	0.00001	0.00001	0.895916	0.008694	0.026945	0.09536
S215	0.366433	0.00001	0.321862	0.043304	0.005247	0.00001	0.263135	0.629568
S216	0.238235	0.003744	0.506635	0.058359	0.001102	0.002979	0.188945	0.42718
S217	0.729582	0.00001	0.00001	0.00001	0.021635	0.00001	0.248744	0.978326
S218	0.919165	0.00001	0.00001	0.00001	0.039506	0.00383	0.037469	0.956634
S221	0.166404	0.00001	0.00001	0.00001	0.152077	0.00001	0.68148	0.847884
S223	0.00001	0.00001	0.00001	0.99994	0.00001	0.00001	0.00001	0.00002
S225	0.000015	0.007735	0.00001	0.000565	0.963196	0.024114	0.004365	0.00438
S226	0.00001	0.996232	0.00001	0.00001	0.00001	0.003718	0.00001	0.00002
S227	0.348114	0.011022	0.00001	0.00001	0.049907	0.00001	0.590927	0.939041
S228	0.00001	0.99994	0.00001	0.00001	0.00001	0.00001	0.00001	0.00002
S229	0.231691	0.005305	0.572625	0.044894	0.009488	0.00195	0.134048	0.365739
S230	0.998686	0.00001	0.00001	0.00001	0.001264	0.00001	0.00001	0.998696
S231	0.00001	0.99994	0.00001	0.00001	0.00001	0.00001	0.00001	0.00002
S232	0.894867	0.00001	0.006946	0.00001	0.007598	0.00001	0.09056	0.985427
S233	0.200487	0.007864	0.004908	0.00001	0.258689	0.00001	0.528032	0.728519
S234	0.75946	0.00001	0.00001	0.00642	0.038229	0.00001	0.195861	0.955321
S235	0.4165	0.476316	0.00001	0.00288	0.017556	0.023977	0.06276	0.47926
S236	0.00001	0.677893	0.00001	0.000019	0.00001	0.322049	0.00001	0.00002
S237	0.00001	0.999936	0.000014	0.00001	0.00001	0.00001	0.00001	0.00002
S238	0.858266	0.006212	0.00001	0.00001	0.034561	0.000946	0.099995	0.958261
S239	0.328871	0.00001	0.329591	0.115226	0.010331	0.006032	0.209939	0.53881
S240	0.063346	0.010918	0.000017	0.912122	0.006241	0.00001	0.007346	0.070692
S241	0.929437	0.00001	0.00001	0.026168	0.00001	0.000074	0.044291	0.973728
S242	0.458152	0.00001	0.00001	0.00001	0.006673	0.00001	0.535135	0.993287
S243	0.799752	0.00001	0.00001	0.004594	0.00001	0.00001	0.195614	0.995366
S244	0.848707	0.00001	0.00001	0.00001	0.00001	0.00001	0.151243	0.99995
S245	0.336842	0.005311	0.357914	0.061963	0.00001	0.009133	0.228827	0.565669
S246	0.882181	0.00001	0.00001	0.00001	0.009275	0.00001	0.108505	0.990686
S247	0.872163	0.00001	0.00001	0.015523	0.020142	0.000599	0.091554	0.963717
S248	0.933635	0.00001	0.00001	0.00001	0.014235	0.00001	0.05209	0.985725
S249	0.120347	0.032663	0.656763	0.093029	0.000896	0.004275	0.092026	0.212373
S250	0.00001	0.000016	0.987878	0.00001	0.00001	0.00001	0.012066	0.012076
S251	0.85356	0.00001	0.00001	0.00001	0.000116	0.00001	0.146283	0.999843
S252	0.00001	0.00001	0.00001	0.088591	0.00001	0.00001	0.911359	0.911369
S253	0.90538	0.00001	0.000018	0.00001	0.00001	0.00001	0.094562	0.999942
S254	0.239643	0.004687	0.000943	0.693495	0.003487	0.004369	0.053376	0.293019
S255	0.341687	0.01699	0.349545	0.060408	0.00001	0.00001	0.231349	0.573036
S256	0.887338	0.00001	0.00001	0.00001	0.014011	0.00001	0.09861	0.985948
S257	0.00001	0.00001	0.99994	0.00001	0.00001	0.00001	0.00001	0.00002
S258	0.049966	0.040388	0.871953	0.015903	0.014149	0.000118	0.007522	0.057488
S259	0.308881	0.006202	0.001243	0.00001	0.05841	0.00001	0.625244	0.934125
S260	0.309948	0.005026	0.413263	0.087924	0.00001	0.00001	0.183819	0.493767
S261	0.439174	0.003971	0.023113	0.041902	0.00653	0.000637	0.484673	0.923847
S262	0.00001	0.897563	0.00001	0.00001	0.024145	0.078252	0.00001	0.00002
S263	0.00001	0.940234	0.00001	0.00232	0.00001	0.049303	0.008113	0.008123
S264	0.00001	0.899426	0.00001	0.000013	0.021487	0.079043	0.00001	0.00002
S265	0.002069	0.893645	0.00001	0.000576	0.025477	0.072042	0.006181	0.00825
S266	0.263197	0.00001	0.467579	0.055692	0.00001	0.00001	0.213503	0.4767
S267	0.00001	0.962633	0.00001	0.000017	0.00001	0.03731	0.00001	0.00002
S268	0.392485	0.509444	0.000012	0.00001	0.013581	0.00001	0.084459	0.476944
S269	0.412616	0.00001	0.266384	0.069038	0.00001	0.001833	0.250109	0.662725
S270	0.85395	0.00001	0.00001	0.005216	0.015684	0.00001	0.12512	0.97907
S271	0.921197	0.00001	0.00001	0.00001	0.00001	0.00001	0.078753	0.99995
S272	0.175741	0.000012	0.643614	0.052969	0.00001	0.000319	0.127334	0.303075
S273	0.34565	0.015419	0.314447	0.070264	0.00001	0.00001	0.2542	0.59985
S274	0.245086	0.000135	0.502426	0.051884	0.00001	0.003768	0.196691	0.441777
S275	0.243909	0.023414	0.437633	0.083207	0.00001	0.003514	0.208313	0.452222
S276	0.345081	0.006745	0.363484	0.056507	0.00001	0.00001	0.228163	0.573244
S277	0.277363	0.027572	0.450576	0.076833	0.00001	0.00001	0.167636	0.444999
S278	0.266142	0.00001	0.500645	0.069959	0.00001	0.000498	0.162736	0.428878
S279	0.341553	0.006034	0.344387	0.055935	0.00001	0.00001	0.252071	0.593624
S280	0.00001	0.99994	0.00001	0.00001	0.00001	0.00001	0.00001	0.00002
S281	0.00001	0.983723	0.00001	0.00001	0.00888	0.007357	0.00001	0.00002
S282	0.921382	0.00001	0.00001	0.00001	0.00001	0.00001	0.078568	0.99995
S283	0.106827	0.00001	0.813735	0.011129	0.00001	0.00001	0.068278	0.175105
S284	0.784701	0.00001	0.00001	0.00001	0.006033	0.000991	0.208245	0.992946
S285	0.91423	0.009312	0.000243	0.000013	0.025248	0.00001	0.050943	0.965173
S286	0.308226	0.018161	0.377293	0.070347	0.00001	0.00589	0.220073	0.528299
S287	0.00001	0.909151	0.00001	0.00805	0.040597	0.035246	0.006935	0.006945
S288	0.615667	0.000017	0.069146	0.019242	0.00001	0.00001	0.295907	0.911574
S289	0.09902	0.004462	0.00108	0.885049	0.005807	0.00001	0.004572	0.103592
S290	0.202847	0.00001	0.59293	0.067343	0.00001	0.000571	0.136288	0.339135
S291	0.921477	0.004208	0.00001	0.00001	0.01633	0.00001	0.057955	0.979432
S292	0.90348	0.00001	0.00001	0.00001	0.00001	0.00001	0.09647	0.99995
S293	0.458489	0.00001	0.20562	0.018912	0.017849	0.005193	0.293927	0.752416
S294	0.896527	0.00001	0.00001	0.00001	0.00001	0.00001	0.103423	0.99995
S295	0.305882	0.00001	0.483594	0.051796	0.00001	0.00316	0.155546	0.461428
S296	0.00001	0.991977	0.00001	0.00001	0.00558	0.002403	0.00001	0.00002
S297	0.589406	0.00001	0.035438	0.061667	0.00001	0.002396	0.311074	0.90048
S298	0.00001	0.99994	0.00001	0.00001	0.00001	0.00001	0.00001	0.00002
S299	0.00001	0.99994	0.00001	0.00001	0.00001	0.00001	0.00001	0.00002
S300	0.99994	0.00001	0.00001	0.00001	0.00001	0.00001	0.00001	0.99995
S301	0.929365	0.00001	0.00001	0.00001	0.020092	0.00001	0.050503	0.979868
S302	0.00001	0.99994	0.00001	0.00001	0.00001	0.00001	0.00001	0.00002
S303	0.00001	0.000011	0.00001	0.00001	0.990868	0.009081	0.00001	0.00002
S304	0.191183	0.026196	0.593227	0.041165	0.000317	0.00001	0.147903	0.339086
S306	0.186293	0.00001	0.529062	0.144444	0.006218	0.002141	0.131831	0.318124
S307	0.00001	0.99994	0.00001	0.00001	0.00001	0.00001	0.00001	0.00002
S309	0.64539	0.00001	0.116838	0.008852	0.013907	0.00001	0.214992	0.860382
S310	0.457647	0.001323	0.20233	0.024597	0.00001	0.00001	0.314084	0.771731
S311	0.881252	0.00001	0.00001	0.00001	0.012384	0.00001	0.106324	0.987576
S312	0.244237	0.00001	0.002864	0.00001	0.679334	0.00001	0.073535	0.317772
S313	0.247455	0.007702	0.5196	0.058196	0.00001	0.003498	0.163539	0.410994
S314	0.778552	0.00001	0.00001	0.00001	0.02336	0.00001	0.198048	0.9766
S315	0.450862	0.00001	0.00001	0.006148	0.024227	0.005277	0.513466	0.964328
S316	0.33254	0.014423	0.364353	0.062078	0.00001	0.00001	0.226586	0.559126
S317	0.200366	0.017597	0.610171	0.033335	0.001501	0.003871	0.13316	0.333526
S318	0.074412	0.00001	0.00001	0.00001	0.910418	0.00001	0.01513	0.089542
S319	0.00001	0.00001	0.99994	0.00001	0.00001	0.00001	0.00001	0.00002
S320	0.806845	0.113029	0.00001	0.00001	0.008048	0.042825	0.029233	0.836078
S321	0.215485	0.00526	0.58632	0.064898	0.00001	0.00001	0.128017	0.343502
S322	0.00001	0.00001	0.99994	0.00001	0.00001	0.00001	0.00001	0.00002
S323	0.462773	0.00001	0.00001	0.00001	0.024443	0.00001	0.512744	0.975517
S324	0.881702	0.00001	0.00001	0.00001	0.070948	0.00001	0.04731	0.929012
S325	0.086648	0.002331	0.003349	0.882659	0.002492	0.00001	0.022512	0.10916
S326	0.00001	0.00001	0.99994	0.00001	0.00001	0.00001	0.00001	0.00002
S327	0.00001	0.004283	0.995658	0.000019	0.00001	0.00001	0.00001	0.00002
S328	0.813983	0.011181	0.00001	0.00001	0.045003	0.00001	0.129802	0.943785
S329	0.408853	0.00001	0.083351	0.066219	0.00001	0.002777	0.438781	0.847634
S330	0.404834	0.005798	0.079233	0.069353	0.024946	0.007946	0.40789	0.812724
S331	0.832864	0.017673	0.000011	0.00001	0.055235	0.00001	0.094197	0.927061
S332	0.862294	0.00001	0.00001	0.00001	0.025784	0.00001	0.111882	0.974176
S333	0.00001	0.99994	0.00001	0.00001	0.00001	0.00001	0.00001	0.00002
S334	0.713973	0.00001	0.108812	0.020082	0.02607	0.00001	0.131043	0.845016
S335	0.40209	0.187994	0.19007	0.030342	0.072313	0.00001	0.117181	0.519271
S337	0.99994	0.00001	0.00001	0.00001	0.00001	0.00001	0.00001	0.99995
S338	0.939973	0.00001	0.00001	0.00001	0.013007	0.00001	0.04698	0.986953
S339	0.463113	0.022653	0.207839	0.021518	0.001522	0.00001	0.283345	0.746458
S340	0.920756	0.000012	0.00001	0.00001	0.021103	0.000408	0.057701	0.978457
S341	0.979474	0.00001	0.00001	0.00001	0.020476	0.00001	0.00001	0.979484
S342	0.982155	0.00001	0.00001	0.00001	0.017794	0.00001	0.00001	0.982165
S343	0.293194	0.070149	0.314852	0.044214	0.097699	0.00001	0.179883	0.473077
S344	0.271007	0.107311	0.338412	0.094351	0.046268	0.006817	0.135833	0.40684
S345	0.294086	0.00001	0.419694	0.088914	0.004654	0.000532	0.192109	0.486195
S346	0.876313	0.00001	0.00001	0.00001	0.039627	0.00001	0.08402	0.960333
S349	0.291344	0.018154	0.426368	0.088116	0.018567	0.00001	0.15744	0.448784
S350	0.944203	0.000015	0.00001	0.00001	0.02201	0.00001	0.033742	0.977945
S352	0.976875	0.00001	0.00001	0.00001	0.00001	0.00001	0.023075	0.99995
S354	0.58347	0.017523	0.04372	0.022885	0.009831	0.002662	0.31991	0.90338
S355	0.364036	0.00001	0.343992	0.091182	0.021154	0.005201	0.174425	0.538461
S356	0.37663	0.01115	0.297514	0.052804	0.025758	0.012739	0.223405	0.600035
S357	0.707776	0.00001	0.00001	0.021202	0.004132	0.000584	0.266285	0.974061
S358	0.99994	0.00001	0.00001	0.00001	0.00001	0.00001	0.00001	0.99995
S361	0.222638	0.009775	0.531524	0.092796	0.012713	0.00001	0.130544	0.353182
S362	0.214745	0.001247	0.509182	0.096183	0.00001	0.010496	0.168136	0.382881
S363	0.274416	0.049223	0.472256	0.057532	0.046804	0.00212	0.097648	0.372064
S364	0.268009	0.023353	0.44637	0.064856	0.00001	0.008648	0.188754	0.456763
S365	0.242743	0.044192	0.45254	0.143038	0.000837	0.002438	0.114213	0.356956
S366	0.212958	0.00001	0.573924	0.066367	0.01694	0.00001	0.129791	0.342749
S367	0.400555	0.025114	0.011919	0.037629	0.081324	0.00001	0.443448	0.844003
S368	0.429479	0.007466	0.020564	0.043024	0.029453	0.00001	0.470003	0.899482
S369	0.213422	0.00001	0.572846	0.067043	0.013815	0.00001	0.132855	0.346277
S372	0.282134	0.036532	0.481311	0.057817	0.031206	0.00001	0.11099	0.393124
S373	0.217145	0.00001	0.511737	0.09946	0.00001	0.013052	0.158587	0.375732
S374	0.215259	0.009197	0.53358	0.089624	0.019033	0.00001	0.133296	0.348555
S376	0.184064	0.010044	0.6532	0.0479	0.004171	0.00001	0.10061	0.284674
S377	0.459451	0.00001	0.00001	0.00001	0.032059	0.00001	0.50845	0.967901
S378	0.937612	0.00001	0.00001	0.00001	0.007396	0.00001	0.054952	0.992564
S379	0.00001	0.99994	0.00001	0.00001	0.00001	0.00001	0.00001	0.00002
S380	0.351317	0.015641	0.360307	0.048396	0.003395	0.002459	0.218485	0.569802
S381	0.457917	0.014208	0.362514	0.035081	0.015111	0.00001	0.115159	0.573076
S382	0.772548	0.00001	0.00001	0.00001	0.045509	0.00001	0.181903	0.954451
S385	0.729539	0.001217	0.00001	0.054451	0.112543	0.00001	0.102229	0.831768
S386	0.990182	0.00001	0.00001	0.00001	0.009768	0.00001	0.00001	0.990192
S387	0.285471	0.00001	0.483567	0.060202	0.008864	0.004828	0.157058	0.442529
S388	0.222375	0.00001	0.490873	0.081043	0.021235	0.00001	0.184454	0.406829
S390	0.025674	0.497476	0.00001	0.453438	0.010712	0.012679	0.00001	0.025684
S392	0.00001	0.00001	0.99994	0.00001	0.00001	0.00001	0.00001	0.00002
S393	0.00001	0.00001	0.999934	0.00001	0.00001	0.000016	0.00001	0.00002
S394	0.00001	0.99994	0.00001	0.00001	0.00001	0.00001	0.00001	0.00002
S395	0.814768	0.012068	0.00001	0.00001	0.0799	0.00001	0.093233	0.908001
S396	0.430079	0.011591	0.246332	0.031049	0.00001	0.00001	0.280928	0.711007
S397	0.2062	0.029271	0.438558	0.203697	0.019081	0.00001	0.103183	0.309383
S398	0.00001	0.996317	0.00001	0.00001	0.00001	0.003633	0.00001	0.00002
S400	0.908516	0.00001	0.00001	0.00001	0.083232	0.00001	0.008212	0.916728
S401	0.000014	0.96379	0.00001	0.001763	0.00001	0.034402	0.00001	0.000024
S402	0.178849	0.009122	0.00001	0.775054	0.02481	0.00001	0.012146	0.190995
S404	0.432738	0.00001	0.00001	0.00001	0.055931	0.000844	0.510457	0.943195
S405	0.608285	0.00001	0.00001	0.00001	0.00001	0.00001	0.391665	0.99995
S406	0.00001	0.097266	0.00001	0.00001	0.902684	0.00001	0.00001	0.00002
S416	0.793813	0.108654	0.00001	0.00001	0.034762	0.043874	0.018877	0.81269
S417	0.352711	0.00994	0.363903	0.028449	0.019186	0.00001	0.225801	0.578512
S418	0.00001	0.00001	0.99994	0.00001	0.00001	0.00001	0.00001	0.00002
S419	0.302055	0.002706	0.366867	0.052876	0.00001	0.010428	0.265057	0.567112
S420	0.354598	0.00001	0.377972	0.044685	0.00001	0.00001	0.222715	0.577313
S421	0.00001	0.99994	0.00001	0.00001	0.00001	0.00001	0.00001	0.00002
S422	0.00001	0.99994	0.00001	0.00001	0.00001	0.00001	0.00001	0.00002
S423	0.000019	0.00001	0.999931	0.00001	0.00001	0.00001	0.00001	0.000029
S424	0.00001	0.00001	0.00001	0.100585	0.00001	0.00001	0.899365	0.899375
S425	0.886222	0.00001	0.00001	0.000017	0.034555	0.00001	0.079177	0.965399
S426	0.188551	0.008391	0.000017	0.00001	0.729689	0.00001	0.073332	0.261883
S427	0.313306	0.00001	0.381718	0.109458	0.00001	0.00001	0.195487	0.508793
S428	0.005204	0.901751	0.00001	0.006426	0.003894	0.082705	0.00001	0.005214
S429	0.000019	0.982126	0.00001	0.00002	0.010971	0.006845	0.00001	0.000029
S430	0.996974	0.00001	0.00001	0.00001	0.002976	0.00001	0.00001	0.996984
S431	0.201512	0.033205	0.536397	0.089386	0.013407	0.00001	0.126082	0.327594
S432	0.055551	0.00001	0.00001	0.00001	0.885652	0.008738	0.05003	0.105581
S433	0.825941	0.000014	0.045516	0.001534	0.044664	0.00001	0.08232	0.908261
S434	0.214137	0.004697	0.541605	0.09979	0.002251	0.00001	0.137509	0.351646
S435	0.292665	0.007053	0.446127	0.053485	0.00001	0.006686	0.193975	0.48664
S436	0.581248	0.00001	0.00001	0.00001	0.00001	0.00001	0.418702	0.99995
S437	0.584629	0.00001	0.00001	0.00001	0.00001	0.00001	0.415321	0.99995
S438	0.00001	0.00001	0.00001	0.00001	0.988091	0.011859	0.00001	0.00002
S439	0.00001	0.967018	0.00001	0.00001	0.00001	0.032932	0.00001	0.00002
S440	0.190843	0.00001	0.565675	0.068857	0.00001	0.00001	0.174595	0.365438
S441	0.213158	0.00001	0.499069	0.099335	0.00001	0.012268	0.17615	0.389308
S442	0.105566	0.00001	0.809309	0.014486	0.000712	0.00087	0.069048	0.174614
S443	0.97741	0.00001	0.00001	0.00001	0.00668	0.00001	0.01587	0.99328
S444	0.218474	0.004792	0.541915	0.101553	0.000727	0.000683	0.131856	0.35033
S445	0.340087	0.00001	0.350335	0.062859	0.008769	0.00001	0.237931	0.578018
S446	0.00001	0.939826	0.00001	0.001848	0.014386	0.037848	0.006071	0.006081
S447	0.436036	0.52685	0.000016	0.00001	0.037068	0.00001	0.00001	0.436046
S448	0.288705	0.00001	0.508419	0.028514	0.00001	0.004926	0.169415	0.45812
S449	0.887625	0.067111	0.003142	0.00001	0.040668	0.001434	0.00001	0.887635
S450	0.00001	0.00001	0.99994	0.00001	0.00001	0.00001	0.00001	0.00002
S451	0.84899	0.076519	0.00013	0.00001	0.073347	0.000995	0.00001	0.849
S453	0.395345	0.00001	0.281744	0.026284	0.010776	0.000858	0.284983	0.680328
S454	0.00001	0.928429	0.00001	0.002187	0.020014	0.04934	0.00001	0.00002
S455	0.382938	0.00001	0.298169	0.047971	0.00001	0.010052	0.26085	0.643788
S457	0.186346	0.003283	0.005114	0.00001	0.713095	0.00001	0.092142	0.278488
S458	0.440468	0.00001	0.000014	0.00001	0.056961	0.000723	0.501814	0.942282
S459	0.03417	0.00001	0.00001	0.96578	0.00001	0.00001	0.00001	0.03418
S460	0.284867	0.00001	0.403106	0.111877	0.00001	0.00503	0.1951	0.479967
S461	0.046094	0.017825	0.881845	0.019598	0.003501	0.000977	0.03016	0.076254
S462	0.225093	0.001924	0.582464	0.041986	0.011209	0.00001	0.137315	0.362408
S463	0.23796	0.00001	0.580789	0.040151	0.003536	0.00001	0.137544	0.375504
S464	0.296307	0.00001	0.415528	0.111098	0.00001	0.003428	0.173619	0.469926
S465	0.00563	0.902339	0.00001	0.00572	0.010616	0.065586	0.010099	0.015729
S466	0.00001	0.99994	0.00001	0.00001	0.00001	0.00001	0.00001	0.00002
S467	0.349682	0.00001	0.357582	0.029588	0.00001	0.000368	0.26276	0.612442
S468	0.00001	0.997046	0.002904	0.00001	0.00001	0.00001	0.00001	0.00002
S469	0.194687	0.00001	0.565761	0.068746	0.00001	0.00001	0.170776	0.365463
S470	0.153599	0.002493	0.605823	0.117682	0.00001	0.00001	0.120382	0.273981
S471	0.043262	0.877734	0.00001	0.003693	0.018629	0.033999	0.022673	0.065935
S472	0.000017	0.998314	0.00001	0.00001	0.00001	0.001629	0.00001	0.000027
S473	0.467227	0.003443	0.176704	0.05019	0.000862	0.004581	0.296993	0.76422
S474	0.916017	0.00001	0.011979	0.007848	0.047738	0.00001	0.016398	0.932415
S475	0.685088	0.00001	0.00001	0.020167	0.00001	0.00001	0.294705	0.979793
S476	0.337357	0.014236	0.363033	0.06616	0.012411	0.00001	0.206793	0.54415
S477	0.00001	0.972971	0.00001	0.00001	0.014108	0.012881	0.00001	0.00002
S478	0.351459	0.01254	0.028833	0.40667	0.038444	0.001514	0.16054	0.511999
S479	0.897941	0.00001	0.00001	0.001572	0.01358	0.00001	0.086876	0.984817
S480	0.947787	0.00001	0.00001	0.00001	0.028568	0.00001	0.023605	0.971392
S481	0.563229	0.008662	0.079977	0.01138	0.00001	0.00001	0.336732	0.899961
S482	0.353773	0.00001	0.361333	0.043746	0.004037	0.00001	0.237091	0.590864
S483	0.1354	0.462585	0.104237	0.172206	0.000329	0.035025	0.090217	0.225617
S484	0.182988	0.003847	0.565198	0.053031	0.004482	0.00001	0.190444	0.373432
S485	0.90133	0.00001	0.000015	0.00001	0.009699	0.00001	0.088925	0.990255
S486	0.596318	0.01344	0.00001	0.002744	0.052974	0.00001	0.334503	0.930821
S487	0.757496	0.00001	0.00001	0.015805	0.00001	0.00001	0.226659	0.984155
S488	0.285564	0.011657	0.432812	0.050875	0.02206	0.003746	0.193285	0.478849
S489	0.182541	0.019216	0.585417	0.056297	0.045493	0.000622	0.110414	0.292955
S490	0.23987	0.020481	0.434905	0.094379	0.028871	0.00001	0.181484	0.421354
S491	0.141269	0.019329	0.708423	0.030444	0.019696	0.000295	0.080545	0.221814
S492	0.621861	0.018841	0.146172	0.026109	0.042175	0.00001	0.144832	0.766693
S493	0.568627	0.008885	0.250456	0.025053	0.02368	0.00001	0.123289	0.691916
S494	0.713546	0.00001	0.133976	0.018823	0.034581	0.00001	0.099053	0.812599
S495	0.344903	0.016169	0.326266	0.083721	0.028121	0.004504	0.196317	0.54122
S496	0.154343	0.00001	0.659237	0.067051	0.004369	0.00001	0.11498	0.269323
S497	0.851717	0.000015	0.00001	0.00001	0.00001	0.00001	0.148228	0.999945
S498	0.335134	0.03211	0.194457	0.231863	0.068275	0.00553	0.132632	0.467766
S499	0.42477	0.38684	0.00001	0.00001	0.039712	0.142022	0.006637	0.431407
S500	0.838978	0.024102	0.000216	0.00001	0.030296	0.00001	0.106388	0.945366
S501	0.19332	0.013239	0.53148	0.096494	0.007324	0.001157	0.156987	0.350307
S502	0.44976	0.00001	0.00001	0.474013	0.028712	0.00001	0.047485	0.497245
S503	0.737862	0.135493	0.019294	0.008502	0.032134	0.003823	0.062892	0.800754
S504	0.885893	0.00001	0.014586	0.017501	0.025361	0.001221	0.055428	0.941321
S505	0.433452	0.493133	0.00001	0.00001	0.035686	0.004112	0.033597	0.467049
S506	0.901074	0.00001	0.00001	0.011678	0.011697	0.00001	0.075521	0.976595
S507	0.914316	0.00001	0.00001	0.00001	0.05219	0.00001	0.033454	0.94777
S508	0.119095	0.012729	0.004086	0.00001	0.32848	0.00001	0.53559	0.654685
S509	0.921357	0.00001	0.00001	0.00001	0.002904	0.001268	0.074442	0.995799
S510	0.861098	0.001945	0.00001	0.002283	0.039136	0.00001	0.095519	0.956617
S511	0.901791	0.00001	0.00001	0.00001	0.007111	0.00001	0.091059	0.99285
S512	0.100134	0.016355	0.00001	0.00001	0.883471	0.00001	0.00001	0.100144
S513	0.899448	0.00001	0.000011	0.00001	0.023377	0.003534	0.073611	0.973059
S516	0.625948	0.000011	0.00001	0.007493	0.10117	0.006799	0.258568	0.884516
S518	0.049184	0.011963	0.890963	0.027538	0.019922	0.00001	0.00042	0.049604
S519	0.122932	0.022251	0.025587	0.648337	0.074605	0.002699	0.103589	0.226521
S520	0.2823	0.018889	0.00001	0.00001	0.126998	0.008561	0.563232	0.845532
S521	0.888418	0.00001	0.00001	0.000015	0.057977	0.00001	0.05356	0.941978
S522	0.160452	0.573427	0.125401	0.024264	0.039406	0.008246	0.068803	0.229255
S524	0.410222	0.484299	0.00001	0.001143	0.066197	0.00925	0.028879	0.439101
S525	0.699356	0.005042	0.00001	0.191988	0.05204	0.00001	0.051554	0.75091
S527	0.910774	0.00001	0.00001	0.000014	0.089172	0.00001	0.00001	0.910784
S528	0.047725	0.00755	0.008945	0.930164	0.004527	0.000406	0.000683	0.048408
S530	0.923081	0.00001	0.00001	0.00001	0.047773	0.00001	0.029106	0.952187
S533	0.612549	0.00001	0.00001	0.275356	0.035954	0.00001	0.076111	0.68866
S534	0.394539	0.537379	0.00001	0.00001	0.043485	0.009825	0.014753	0.409292
S535	0.00001	0.99994	0.00001	0.00001	0.00001	0.00001	0.00001	0.00002
S536	0.013312	0.890477	0.00001	0.006377	0.02576	0.058948	0.005116	0.018428
S537	0.586315	0.024243	0.179722	0.031037	0.04055	0.003997	0.134136	0.720451
S538	0.134789	0.003641	0.00001	0.00001	0.804955	0.00001	0.056586	0.191375
S539	0.334022	0.018337	0.429317	0.018029	0.02592	0.001109	0.173266	0.507288
S541	0.899218	0.00001	0.00001	0.00001	0.048313	0.00001	0.052429	0.951647
S542	0.149958	0.007474	0.000013	0.817121	0.025413	0.00001	0.00001	0.149968
S544	0.890371	0.000086	0.000718	0.00001	0.015567	0.002621	0.090626	0.980997
S545	0.373052	0.530421	0.002023	0.002505	0.044849	0.00001	0.04714	0.420192
S546	0.347796	0.027852	0.210301	0.318271	0.044514	0.00001	0.051256	0.399052
S547	0.89294	0.00001	0.00001	0.000671	0.011813	0.00001	0.094546	0.987486
S548	0.699312	0.00001	0.00001	0.00001	0.00001	0.00001	0.300638	0.99995
S549	0.874864	0.00001	0.00001	0.00001	0.029385	0.00001	0.095711	0.970575
S550	0.039928	0.010947	0.00001	0.00001	0.938357	0.010739	0.00001	0.039938
S551	0.396896	0.00001	0.00001	0.00001	0.041446	0.00001	0.561618	0.958514
S553	0.00001	0.792173	0.00001	0.00001	0.00001	0.207777	0.00001	0.00002
S555	0.08191	0.008154	0.782307	0.081232	0.00001	0.00001	0.046377	0.128287
S559	0.128044	0.036776	0.659513	0.08562	0.015167	0.000426	0.074453	0.202497
S560	0.181359	0.048149	0.580924	0.049788	0.018856	0.00001	0.120913	0.302272
S561	0.127197	0.013623	0.003819	0.675379	0.06144	0.00001	0.118532	0.245729
S562	0.029436	0.00001	0.008826	0.957198	0.00451	0.00001	0.00001	0.029446
S563	0.135585	0.047956	0.638802	0.026439	0.019671	0.007592	0.123954	0.259539
S564	0.283614	0.024204	0.473505	0.06794	0.035064	0.00001	0.115662	0.399276
S565	0.232042	0.049151	0.389374	0.119845	0.037515	0.006532	0.165542	0.397584
S566	0.01952	0.000016	0.006552	0.96368	0.009104	0.001118	0.00001	0.01953
S569	0.309657	0.012652	0.312419	0.023821	0.000291	0.010977	0.330183	0.63984
S570	0.00001	0.999938	0.00001	0.000011	0.00001	0.00001	0.00001	0.00002
S571	0.201995	0.013048	0.524403	0.096567	0.025157	0.00001	0.13882	0.340815
S572	0.900935	0.00001	0.00001	0.001477	0.033376	0.002078	0.062114	0.963049
S574	0.083206	0.00001	0.823079	0.04694	0.036444	0.00001	0.010311	0.093517
S575	0.00001	0.00001	0.00001	0.107333	0.00001	0.00001	0.892617	0.892627
S576	0.771129	0.001898	0.00001	0.00423	0.061742	0.00305	0.157941	0.92907
S577	0.940423	0.00001	0.00001	0.00001	0.01503	0.00001	0.044508	0.984931
S578	0.506477	0.025102	0.294321	0.04691	0.05989	0.004632	0.062667	0.569144
S580	0.00001	0.644645	0.00001	0.00001	0.000017	0.355298	0.00001	0.00002
S582	0.00001	0.99994	0.00001	0.00001	0.00001	0.00001	0.00001	0.00002
S586	0.00001	0.00001	0.00001	0.256561	0.101551	0.01386	0.627998	0.628008
S587	0.040803	0.00001	0.00001	0.00001	0.9542	0.004957	0.00001	0.040813
S589	0.00001	0.99994	0.00001	0.00001	0.00001	0.00001	0.00001	0.00002
S591	0.00001	0.00001	0.99994	0.00001	0.00001	0.00001	0.00001	0.00002
S592	0.00001	0.00001	0.99994	0.00001	0.00001	0.00001	0.00001	0.00002
S593	0.211309	0.025926	0.559763	0.069434	0.022581	0.00001	0.110978	0.322287
S594	0.234465	0.052531	0.46793	0.06424	0.058504	0.00001	0.122319	0.356784
S595	0.26232	0.044352	0.426841	0.09926	0.024235	0.00001	0.142982	0.405302
S596	0.20929	0.073624	0.461335	0.092914	0.059116	0.009665	0.094056	0.303346
S597	0.00001	0.00001	0.99994	0.00001	0.00001	0.00001	0.00001	0.00002
S598	0.256203	0.038372	0.426461	0.068578	0.026932	0.004014	0.17944	0.435643
S601	0.301545	0.019991	0.313797	0.024472	0.008408	0.008202	0.323585	0.62513
S607	0.949699	0.00001	0.00001	0.000016	0.025928	0.00001	0.024327	0.974026
S608	0.28643	0.00001	0.439326	0.082975	0.00511	0.011701	0.174449	0.460879
S609	0.349967	0.019718	0.00001	0.00001	0.045403	0.001445	0.583447	0.933414
S611	0.329577	0.051547	0.316945	0.065456	0.014594	0.014193	0.207688	0.537265
S612	0.274886	0.027043	0.470039	0.031387	0.018544	0.00001	0.178092	0.452978
S613	0.670029	0.00001	0.00001	0.003843	0.039449	0.00001	0.286649	0.956678
S614	0.00001	0.99994	0.00001	0.00001	0.00001	0.00001	0.00001	0.00002
S615	0.22227	0.00001	0.00001	0.002706	0.745711	0.00001	0.029283	0.251553
S616	0.891943	0.00001	0.001208	0.008375	0.01348	0.00001	0.084974	0.976917
S618	0.901139	0.00001	0.000017	0.00001	0.008322	0.00001	0.090492	0.991631
S619	0.455306	0.021488	0.00001	0.00001	0.061304	0.000299	0.461584	0.91689
S620	0.296252	0.010156	0.424727	0.061397	0.002625	0.00001	0.204833	0.501085
S621	0.65996	0.00001	0.03678	0.015517	0.00001	0.00001	0.287713	0.947673
S622	0.866154	0.005688	0.00001	0.00001	0.074398	0.00001	0.053731	0.919885
S623	0.314837	0.00001	0.00001	0.00001	0.098639	0.003261	0.583233	0.89807
S624	0.317766	0.01088	0.382232	0.044457	0.009154	0.000499	0.235012	0.552778
S625	0.825205	0.00001	0.00001	0.043986	0.030729	0.005626	0.094434	0.919639
S626	0.085956	0.00001	0.000012	0.00001	0.872559	0.000295	0.041157	0.127113
S627	0.84921	0.008255	0.013696	0.002403	0.020917	0.00608	0.099439	0.948649
S629	0.00001	0.000011	0.999929	0.00001	0.00001	0.00002	0.00001	0.00002
S630	0.107097	0.00001	0.798422	0.007606	0.006102	0.002289	0.078473	0.18557
S632	0.675681	0.00237	0.00001	0.008965	0.041452	0.00001	0.271512	0.947193
S633	0.00001	0.00001	0.99994	0.00001	0.00001	0.00001	0.00001	0.00002
S634	0.177674	0.010351	0.532517	0.111077	0.00691	0.000964	0.160507	0.338181
S635	0.00001	0.00001	0.99994	0.00001	0.00001	0.00001	0.00001	0.00002
S636	0.792007	0.00001	0.00001	0.007363	0.022678	0.007452	0.17048	0.962487
S638	0.285494	0.00001	0.43333	0.109421	0.000015	0.00001	0.17172	0.457214
S640	0.323255	0.007242	0.380682	0.08664	0.00001	0.00001	0.202161	0.525416
S641	0.00001	0.794605	0.00001	0.00001	0.000011	0.205344	0.00001	0.00002
S642	0.064515	0.005261	0.005655	0.915607	0.006756	0.002196	0.00001	0.064525
S643	0.000011	0.77417	0.00001	0.00001	0.00001	0.225778	0.00001	0.000021
S644	0.278347	0.00001	0.485388	0.046145	0.00001	0.00001	0.190089	0.468436
S646	0.00001	0.00001	0.999938	0.00001	0.00001	0.000012	0.00001	0.00002
S647	0.1144	0.78057	0.079252	0.025748	0.00001	0.00001	0.00001	0.11441
S649	0.116322	0.776636	0.081505	0.025508	0.00001	0.00001	0.00001	0.116332
S651	0.00001	0.00001	0.99994	0.00001	0.00001	0.00001	0.00001	0.00002
S652	0.949731	0.00001	0.008281	0.008569	0.005145	0.00001	0.028255	0.977986
S654	0.579432	0.004739	0.291825	0.018539	0.012315	0.00001	0.093139	0.672571
S655	0.00001	0.00001	0.99994	0.00001	0.00001	0.00001	0.00001	0.00002
S658	0.318249	0.011211	0.459635	0.044951	0.00001	0.00001	0.165934	0.484183
S659	0.00001	0.00001	0.99994	0.00001	0.00001	0.00001	0.00001	0.00002
S660	0.188097	0.044713	0.572806	0.043528	0.019747	0.00001	0.131099	0.319196
S662	0.264432	0.00001	0.467072	0.063878	0.00001	0.000218	0.204379	0.468811
S663	0.00001	0.00001	0.99994	0.00001	0.00001	0.00001	0.00001	0.00002
S664	0.305438	0.005706	0.402001	0.110726	0.00001	0.003134	0.172985	0.478423
S665	0.13363	0.010786	0.480439	0.043021	0.00001	0.00001	0.332104	0.465734
S666	0.030957	0.002066	0.950095	0.000245	0.01014	0.00001	0.006488	0.037445
S667	0.136658	0.009487	0.480047	0.043103	0.00001	0.00001	0.330685	0.467343
S668	0.104516	0.00001	0.492338	0.335906	0.00001	0.00001	0.06721	0.171726
S669	0.135889	0.008708	0.481457	0.043717	0.00001	0.00001	0.330209	0.466098
S670	0.00001	0.999928	0.000012	0.00001	0.000017	0.000013	0.00001	0.00002
S671	0.00001	0.00001	0.99994	0.00001	0.00001	0.00001	0.00001	0.00002
S673	0.00001	0.00001	0.99994	0.00001	0.00001	0.00001	0.00001	0.00002
S674	0.263377	0.016209	0.50498	0.063397	0.005092	0.006448	0.140497	0.403874
S675	0.00001	0.00001	0.99994	0.00001	0.00001	0.00001	0.00001	0.00002
S676	0.194644	0.00001	0.589471	0.070218	0.00001	0.00001	0.145636	0.34028
S678	0.214405	0.00001	0.548583	0.075769	0.00001	0.00001	0.161212	0.375617
S679	0.00001	0.00001	0.99994	0.00001	0.00001	0.00001	0.00001	0.00002
S680	0.092634	0.00001	0.794241	0.058065	0.00001	0.002909	0.052132	0.144766
S681	0.00001	0.00001	0.99994	0.00001	0.00001	0.00001	0.00001	0.00002
S682	0.122496	0.005689	0.230352	0.59078	0.021227	0.00001	0.029444	0.15194
S684	0.058559	0.00001	0.00001	0.00001	0.126863	0.00001	0.814538	0.873097
S685	0.99993	0.00002	0.00001	0.00001	0.00001	0.00001	0.00001	0.99994
S686	0.822932	0.00001	0.00001	0.004116	0.00001	0.002603	0.170319	0.993251
S687	0.999927	0.000016	0.00001	0.000013	0.000014	0.00001	0.00001	0.999937
S688	0.403501	0.006269	0.240725	0.042812	0.00001	0.004843	0.301841	0.705342
S689	0.001358	0.00001	0.998592	0.00001	0.00001	0.00001	0.00001	0.001368
S690	0.18137	0.01501	0.611898	0.034571	0.003003	0.001556	0.152591	0.333961
S691	0.000579	0.00001	0.999371	0.00001	0.00001	0.00001	0.00001	0.000589
S694	0.318969	0.00001	0.417635	0.069567	0.00001	0.001828	0.191981	0.51095
S696	0.228943	0.005624	0.569841	0.037095	0.0012	0.004253	0.153044	0.381987
S697	0.999935	0.00001	0.00001	0.000011	0.00001	0.000014	0.00001	0.999945
S698	0.932543	0.00001	0.00001	0.00001	0.009531	0.00001	0.057886	0.990429
S699	0.00001	0.00001	0.99994	0.00001	0.00001	0.00001	0.00001	0.00002
S701	0.00001	0.00001	0.999938	0.000012	0.00001	0.00001	0.00001	0.00002
S702	0.89159	0.00001	0.00002	0.00001	0.033951	0.000494	0.073925	0.965515
S703	0.929255	0.00001	0.00001	0.00001	0.00113	0.00001	0.069574	0.998829
S704	0.086181	0.001641	0.794386	0.061205	0.00001	0.005173	0.051404	0.137585
S706	0.207212	0.007084	0.520411	0.087629	0.017782	0.003074	0.156808	0.36402
S707	0.946073	0.00001	0.00001	0.00001	0.019237	0.00001	0.03465	0.980723
S708	0.00001	0.779424	0.00001	0.000013	0.00001	0.220522	0.00001	0.00002
S710	0.00001	0.00001	0.833873	0.089956	0.00001	0.00001	0.076131	0.076141
S711	0.313834	0.017234	0.45846	0.050291	0.00001	0.00001	0.160161	0.473995
S712	0.046138	0.002546	0.916261	0.000411	0.013339	0.00001	0.021296	0.067434
S713	0.916589	0.000955	0.006321	0.009579	0.049898	0.00001	0.016649	0.933238
S714	0.00001	0.772813	0.00001	0.00001	0.000013	0.227135	0.00001	0.00002
S715	0.803581	0.000012	0.00001	0.005022	0.00001	0.00578	0.185585	0.989166
S716	0.00001	0.771697	0.00001	0.000014	0.00001	0.228249	0.00001	0.00002
S717	0.147298	0.00001	0.552721	0.097523	0.00001	0.00001	0.202428	0.349726
S718	0.00001	0.00001	0.831001	0.090863	0.00001	0.00001	0.078097	0.078107
S719	0.325026	0.00001	0.314609	0.015341	0.00001	0.003546	0.341457	0.666483
S720	0.048495	0.004563	0.921087	0.00001	0.015945	0.00033	0.009569	0.058064
S721	0.00001	0.00001	0.99994	0.00001	0.00001	0.00001	0.00001	0.00002
S722	0.095243	0.021518	0.800288	0.002565	0.021606	0.00001	0.058771	0.154014
S723	0.363159	0.00001	0.37394	0.063637	0.00001	0.005405	0.193839	0.556998
S724	0.778546	0.00001	0.00001	0.004848	0.00001	0.000544	0.216031	0.994577
S725	0.319398	0.005516	0.445442	0.049778	0.00001	0.00001	0.179846	0.499244
S726	0.346677	0.007122	0.340568	0.055298	0.00001	0.00001	0.250315	0.596992
S727	0.845535	0.00001	0.00001	0.00001	0.037198	0.00001	0.117228	0.962763
S728	0.115383	0.0072	0.000688	0.863052	0.007514	0.00001	0.006154	0.121537
S730	0.222958	0.03852	0.483882	0.086375	0.034506	0.007201	0.126558	0.349516
S731	0.193471	0.00001	0.553521	0.138284	0.001774	0.00001	0.112931	0.306402
S733	0.623836	0.00001	0.00001	0.017113	0.00001	0.00001	0.35901	0.982846
S735	0.361647	0.006176	0.363832	0.079345	0.00001	0.000371	0.188619	0.550266
S737	0.527442	0.02476	0.000579	0.004919	0.045038	0.001198	0.396064	0.923506
S738	0.238799	0.058914	0.439816	0.130903	0.00001	0.004657	0.126901	0.3657
S740	0.00001	0.00001	0.99994	0.00001	0.00001	0.00001	0.00001	0.00002
S741	0.848756	0.00001	0.00001	0.000018	0.018327	0.00001	0.132869	0.981625
S742	0.930575	0.00001	0.00001	0.002276	0.010642	0.00001	0.056478	0.987053
S743	0.25119	0.005113	0.497969	0.056167	0.012976	0.00001	0.176575	0.427765
S744	0.145766	0.010863	0.675306	0.063678	0.031092	0.001084	0.072211	0.217977
S745	0.237897	0.015151	0.529625	0.033935	0.017576	0.00001	0.165805	0.403702
S747	0.866111	0.00001	0.00001	0.00001	0.000591	0.00001	0.133258	0.999369
S748	0.15052	0.039149	0.001809	0.00001	0.773591	0.00295	0.031971	0.182491
S749	0.342075	0.010766	0.00001	0.008311	0.059203	0.00001	0.579625	0.9217
S750	0.241596	0.001025	0.505144	0.055819	0.024582	0.010737	0.161098	0.402694
S751	0.292091	0.011041	0.41138	0.092466	0.004865	0.00001	0.188147	0.480238
S752	0.880494	0.00001	0.00001	0.00001	0.00001	0.00001	0.119456	0.99995
S754	0.259209	0.018042	0.526286	0.038158	0.000014	0.00001	0.158281	0.41749
S755	0.214508	0.021748	0.533266	0.089499	0.00001	0.00001	0.14096	0.355468
S756	0.314659	0.009946	0.415105	0.08073	0.00001	0.006693	0.172858	0.487517
S758	0.573194	0.019822	0.209214	0.032011	0.012693	0.004714	0.148352	0.721546
S759	0.997473	0.00001	0.00001	0.002477	0.00001	0.00001	0.00001	0.997483
S760	0.99994	0.00001	0.00001	0.00001	0.00001	0.00001	0.00001	0.99995
S761	0.976206	0.00001	0.00001	0.00001	0.022967	0.000787	0.00001	0.976216
S762	0.00001	0.00001	0.99994	0.00001	0.00001	0.00001	0.00001	0.00002
S765	0.097559	0.00001	0.81294	0.040927	0.020317	0.00001	0.028237	0.125796
S766	0.314579	0.012147	0.433695	0.032385	0.00001	0.001899	0.205285	0.519864
S768	0.347181	0.022095	0.32638	0.061385	0.01919	0.009255	0.214514	0.561695
S769	0.991509	0.00001	0.00001	0.008441	0.00001	0.00001	0.00001	0.991519
S770	0.00001	0.00001	0.999937	0.000013	0.00001	0.00001	0.00001	0.00002
S771	0.00001	0.00001	0.833414	0.091009	0.00001	0.00001	0.075537	0.075547
S772	0.904282	0.00001	0.00001	0.00292	0.00359	0.00001	0.089178	0.99346
S774	0.281371	0.014088	0.450314	0.070237	0.00001	0.003661	0.180319	0.46169
S776	0.31516	0.012499	0.377311	0.077466	0.00001	0.001252	0.216302	0.531462
S777	0.980919	0.00001	0.00001	0.019031	0.00001	0.00001	0.00001	0.980929
S778	0.248609	0.472594	0.00001	0.238108	0.028119	0.005911	0.006649	0.255258
S779	0.990063	0.00001	0.00001	0.009887	0.00001	0.00001	0.00001	0.990073
S780	0.217849	0.00001	0.561366	0.07308	0.00001	0.001843	0.145842	0.363691
S781	0.972939	0.00001	0.00001	0.00001	0.003567	0.00001	0.023454	0.996393
S783	0.921752	0.000501	0.04013	0.00001	0.037293	0.000304	0.00001	0.921762
S784	0.846332	0.00001	0.00001	0.00001	0.008995	0.00001	0.144634	0.990966
S785	0.99836	0.00001	0.00001	0.00001	0.00159	0.00001	0.00001	0.99837
S786	0.132952	0.014294	0.460001	0.117969	0.009944	0.00001	0.264829	0.397781
S787	0.00001	0.00001	0.00001	0.108915	0.00001	0.00001	0.891035	0.891045
S788	0.994896	0.00001	0.00001	0.00001	0.005054	0.00001	0.00001	0.994906
S789	0.069234	0.00001	0.00001	0.000015	0.929492	0.001229	0.00001	0.069244
S790	0.231539	0.008511	0.511228	0.053252	0.014447	0.000631	0.180392	0.411931
S791	0.318208	0.000533	0.415532	0.051039	0.00001	0.005937	0.208741	0.526949
S793	0.884867	0.00001	0.00001	0.032848	0.009687	0.00001	0.072569	0.957436
S794	0.219891	0.015387	0.599645	0.034979	0.00001	0.004172	0.125916	0.345807
S795	0.254311	0.010712	0.509201	0.074513	0.018358	0.002303	0.130602	0.384913
S796	0.19897	0.00001	0.573251	0.040977	0.010603	0.00001	0.176179	0.375149
S797	0.195822	0.015688	0.528786	0.052038	0.003082	0.00001	0.204574	0.400396
S798	0.241697	0.04956	0.488331	0.072516	0.00001	0.006378	0.141507	0.383204
S799	0.373596	0.015992	0.35521	0.040283	0.00001	0.002856	0.212052	0.585648
S800	0.909441	0.00001	0.00001	0.00001	0.011489	0.00001	0.07903	0.988471
S801	0.063788	0.00547	0.00001	0.00001	0.899511	0.009029	0.022183	0.085971
S802	0.17812	0.733705	0.00001	0.005097	0.006531	0.017934	0.058603	0.236723
S803	0.22111	0.007513	0.560382	0.045504	0.00001	0.00001	0.165472	0.386582
S804	0.574675	0.00001	0.00001	0.00001	0.043255	0.004654	0.377386	0.952061
S805	0.145607	0.00001	0.00001	0.833071	0.016368	0.004923	0.00001	0.145617
S806	0.835104	0.001673	0.000012	0.00001	0.016842	0.003487	0.142872	0.977976
S809	0.429748	0.00001	0.00001	0.00001	0.018907	0.004414	0.5469	0.976648
S810	0.129756	0.02012	0.698444	0.058473	0.011301	0.006448	0.075457	0.205213
S811	0.281811	0.010962	0.454931	0.074927	0.02731	0.00001	0.150049	0.43186
S812	0.620244	0.009239	0.212014	0.011545	0.00001	0.00001	0.146939	0.767183
S813	0.242794	0.00869	0.512081	0.076347	0.007872	0.001131	0.151085	0.393879
S814	0.300912	0.00001	0.417871	0.086396	0.00001	0.003319	0.191482	0.492394
S815	0.283056	0.047838	0.426112	0.029244	0.041914	0.00001	0.171826	0.454882
S816	0.636841	0.005839	0.170312	0.030077	0.031598	0.006758	0.118576	0.755417
S817	0.258486	0.019235	0.481248	0.084483	0.016493	0.00001	0.140045	0.398531
S818	0.346363	0.019624	0.330964	0.092816	0.023932	0.005149	0.181152	0.527515
S819	0.887497	0.00001	0.00001	0.00001	0.037518	0.00001	0.074945	0.962442
S820	0.883376	0.00001	0.00001	0.016519	0.018714	0.00001	0.081362	0.964738
S821	0.721064	0.00001	0.00001	0.006874	0.056349	0.00001	0.215682	0.936746
S822	0.148071	0.011523	0.646767	0.071035	0.034054	0.00001	0.088539	0.23661
S823	0.228319	0.02292	0.561638	0.039551	0.00001	0.005654	0.141908	0.370227
S824	0.209176	0.043836	0.616012	0.025498	0.007088	0.005514	0.092875	0.302051
S825	0.935295	0.00001	0.00001	0.01829	0.033285	0.00001	0.013099	0.948394
S826	0.00001	0.99994	0.00001	0.00001	0.00001	0.00001	0.00001	0.00002
S827	0.168759	0.00001	0.651635	0.049045	0.00001	0.00001	0.13053	0.299289
S828	0.05516	0.012147	0.910303	0.00001	0.001215	0.00001	0.021155	0.076315
S829	0.272649	0.002761	0.488355	0.048041	0.002844	0.00001	0.18534	0.457989
S830	0.855384	0.00001	0.00001	0.00001	0.021343	0.00001	0.123234	0.978618
S831	0.07701	0.02922	0.771704	0.07296	0.00001	0.007752	0.041345	0.118355
S832	0.00001	0.99994	0.00001	0.00001	0.00001	0.00001	0.00001	0.00002
S833	0.00001	0.774689	0.00001	0.00001	0.00001	0.225261	0.00001	0.00002
S834	0.99994	0.00001	0.00001	0.00001	0.00001	0.00001	0.00001	0.99995
S835	0.999928	0.000017	0.00001	0.00001	0.00001	0.000015	0.00001	0.999938
S836	0.000014	0.00001	0.839588	0.100331	0.00001	0.00001	0.060037	0.060051
S837	0.996383	0.00001	0.00001	0.003565	0.00001	0.000011	0.00001	0.996393
S839	0.316365	0.01707	0.333937	0.050042	0.022286	0.004027	0.256274	0.572639
S841	0.00001	0.00001	0.99994	0.00001	0.00001	0.00001	0.00001	0.00002
S843	0.00001	0.890813	0.00001	0.000524	0.043297	0.065336	0.00001	0.00002
S844	0.280863	0.00001	0.385152	0.085884	0.002671	0.00001	0.24541	0.526273
S845	0.303665	0.00001	0.440767	0.067378	0.00001	0.005114	0.183056	0.486721
S847	0.113628	0.02871	0.484884	0.051601	0.00001	0.00001	0.321156	0.434784
S851	0.103693	0.053626	0.487151	0.053745	0.000014	0.00001	0.30176	0.405453
S852	0.120157	0.022543	0.480339	0.050337	0.00001	0.00001	0.326603	0.44676
S853	0.00001	0.00001	0.999938	0.00001	0.000012	0.00001	0.00001	0.00002
S854	0.00001	0.00001	0.99994	0.00001	0.00001	0.00001	0.00001	0.00002
S858	0.997674	0.00001	0.00001	0.002273	0.00001	0.000012	0.00001	0.997684
S859	0.990691	0.00001	0.00001	0.009259	0.00001	0.00001	0.00001	0.990701
S860	0.00001	0.00001	0.99994	0.00001	0.00001	0.00001	0.00001	0.00002
S861	0.00001	0.00001	0.99994	0.00001	0.00001	0.00001	0.00001	0.00002
S862	0.00001	0.00001	0.99994	0.00001	0.00001	0.00001	0.00001	0.00002
S863	0.00001	0.00001	0.99994	0.00001	0.00001	0.00001	0.00001	0.00002
S865	0.00001	0.00001	0.99994	0.00001	0.00001	0.00001	0.00001	0.00002
S866	0.318231	0.012812	0.312571	0.018849	0.00001	0.010745	0.326781	0.645012
S867	0.368154	0.031448	0.315098	0.054061	0.00001	0.00001	0.231219	0.599373
S868	0.277305	0.00001	0.432562	0.097853	0.00737	0.002963	0.181937	0.459242
S869	0.00001	0.00001	0.99994	0.00001	0.00001	0.00001	0.00001	0.00002
S870	0.94816	0.00001	0.008137	0.012468	0.022015	0.00001	0.0092	0.95736
S871	0.00001	0.00001	0.99994	0.00001	0.00001	0.00001	0.00001	0.00002
S873	0.852957	0.00001	0.00001	0.00001	0.046031	0.00001	0.100972	0.953929
S874	0.307464	0.016327	0.375637	0.083772	0.00001	0.003781	0.21301	0.520474
S875	0.307225	0.014748	0.379366	0.083809	0.00001	0.004838	0.210004	0.517229
S878	0.00001	0.00001	0.99994	0.00001	0.00001	0.00001	0.00001	0.00002
S879	0.142581	0.013047	0.66806	0.051734	0.006032	0.001403	0.117143	0.259724
S881	0.000011	0.691126	0.000013	0.00001	0.000019	0.308811	0.00001	0.000021
S882	0.933777	0.00001	0.00001	0.003611	0.031294	0.00001	0.031288	0.965065
S883	0.00001	0.00001	0.99994	0.00001	0.00001	0.00001	0.00001	0.00002
S884	0.115951	0.016148	0.484521	0.051606	0.00001	0.00001	0.331754	0.447705
S885	0.141783	0.00001	0.564971	0.110496	0.00001	0.003831	0.178899	0.320682
S886	0.191579	0.00191	0.648656	0.042404	0.00001	0.00001	0.115431	0.30701
S889	0.350961	0.054492	0.433956	0.074667	0.08545	0.000464	0.00001	0.350971
S890	0.768071	0.00001	0.00001	0.00001	0.058423	0.00001	0.173466	0.941537
S891	0.209857	0.063305	0.471259	0.074144	0.056358	0.00001	0.125066	0.334923
S892	0.033412	0.006447	0.949646	0.00001	0.00001	0.00001	0.010465	0.043877
S895	0.071153	0.003544	0.000014	0.00001	0.908696	0.007318	0.009265	0.080418
S897	0.245316	0.00167	0.5579	0.033544	0.00001	0.000956	0.160604	0.40592
S898	0.806669	0.00001	0.00001	0.00001	0.019978	0.00001	0.173313	0.979982
S900	0.111505	0.028368	0.706639	0.073801	0.00001	0.00001	0.079667	0.191172
S901	0.116511	0.026234	0.69571	0.077038	0.00001	0.00001	0.084488	0.200999
S902	0.210121	0.019124	0.602995	0.056292	0.023501	0.004483	0.083484	0.293605
S903	0.269978	0.015456	0.468207	0.04925	0.00001	0.002511	0.194588	0.464566
S904	0.22756	0.012304	0.558358	0.041665	0.00001	0.002878	0.157225	0.384785
S905	0.033205	0.00001	0.00001	0.966745	0.00001	0.00001	0.00001	0.033215
S906	0.05976	0.006724	0.004986	0.921215	0.005552	0.001753	0.00001	0.05977
S908	0.002308	0.941638	0.00001	0.00001	0.00033	0.04856	0.007145	0.009453
S909	0.082527	0.017968	0.00595	0.847908	0.037024	0.008613	0.00001	0.082537
S910	0.00001	0.00001	0.99994	0.00001	0.00001	0.00001	0.00001	0.00002
S911	0.300901	0.006397	0.407436	0.101136	0.008185	0.00001	0.175934	0.476835
S912	0.84416	0.00001	0.000017	0.00001	0.001063	0.00001	0.15473	0.99889
S913	0.879369	0.00001	0.004635	0.002309	0.00001	0.003777	0.10989	0.989259
S914	0.25617	0.00001	0.463248	0.087644	0.00001	0.000654	0.192263	0.448433
S915	0.058768	0.004398	0.861096	0.029042	0.00001	0.007164	0.039522	0.09829
S916	0.00001	0.891228	0.00001	0.002732	0.013734	0.08928	0.003007	0.003017
S917	0.424117	0.509043	0.00379	0.003049	0.000835	0.00001	0.059157	0.483274
S918	0.309146	0.004283	0.430709	0.057786	0.006395	0.00001	0.19167	0.500816
S919	0.552923	0.000383	0.005285	0.303484	0.010699	0.003256	0.12397	0.676893
S920	0.372895	0.00674	0.29609	0.04587	0.00001	0.004955	0.27344	0.646335
S921	0.131443	0.0118	0.00001	0.004761	0.756364	0.001772	0.093851	0.225294
S922	0.902034	0.00001	0.00001	0.010017	0.021908	0.00001	0.066011	0.968045
S923	0.668401	0.00001	0.061179	0.000012	0.00001	0.00001	0.270378	0.938779
S924	0.214694	0.00001	0.582944	0.064091	0.00001	0.00001	0.138241	0.352935
S925	0.381335	0.009426	0.00001	0.000547	0.056785	0.00001	0.551888	0.933223
S926	0.343055	0.003654	0.361392	0.043397	0.005513	0.004172	0.238818	0.581873
S927	0.306286	0.02841	0.452316	0.034871	0.00001	0.00001	0.178097	0.484383
S928	0.205049	0.002764	0.60548	0.049023	0.00001	0.00001	0.137664	0.342713
S929	0.29021	0.00001	0.472061	0.067358	0.00001	0.000548	0.169804	0.460014
S930	0.803198	0.00001	0.00001	0.00001	0.050083	0.00001	0.146679	0.949877
S931	0.26934	0.013986	0.420344	0.087584	0.017773	0.00156	0.189413	0.458753
S932	0.88751	0.00001	0.00001	0.00001	0.015059	0.00001	0.09739	0.9849
S933	0.199351	0.029531	0.548361	0.046195	0.026078	0.004791	0.145693	0.345044
S934	0.271884	0.000491	0.431667	0.168233	0.00001	0.003224	0.124491	0.396375
S935	0.246924	0.003845	0.49617	0.056523	0.00001	0.00001	0.196518	0.443442
S936	0.272074	0.005911	0.444432	0.078605	0.00001	0.00001	0.198957	0.471031
S937	0.836922	0.00001	0.00001	0.00001	0.00395	0.00001	0.159087	0.996009
S938	0.180806	0.006979	0.605833	0.09829	0.005426	0.00001	0.102656	0.283462
S939	0.187907	0.014856	0.550649	0.127775	0.00001	0.00001	0.118793	0.3067
S940	0.43464	0.00001	0.242681	0.040185	0.00001	0.003461	0.279012	0.713652
S941	0.503998	0.001279	0.00001	0.00001	0.030067	0.00001	0.464626	0.968624
S942	0.314699	0.001598	0.402703	0.056096	0.00001	0.00001	0.224884	0.539583
S943	0.257095	0.003213	0.514338	0.054915	0.00001	0.003881	0.166548	0.423643
S944	0.132103	0.00001	0.00001	0.00001	0.127862	0.00001	0.739995	0.872098
S945	0.21653	0.00001	0.583084	0.063957	0.00001	0.00001	0.136398	0.352928
S946	0.335315	0.005359	0.347738	0.070629	0.00001	0.002865	0.238085	0.5734
S947	0.206629	0.006808	0.498258	0.143572	0.004179	0.005437	0.135117	0.341746
S948	0.252282	0.018752	0.502057	0.095851	0.021602	0.00001	0.109445	0.361727
S949	0.150368	0.009179	0.733327	0.016455	0.020837	0.00001	0.069824	0.220192
S950	0.533198	0.012775	0.00001	0.012883	0.062606	0.006791	0.371738	0.904936
S951	0.217744	0.023135	0.503553	0.080381	0.049233	0.008872	0.117082	0.334826
S952	0.108981	0.031938	0.742871	0.036008	0.010543	0.004436	0.065224	0.174205
S953	0.503417	0.024783	0.27565	0.081238	0.061334	0.00001	0.053567	0.556984
S954	0.175474	0.01226	0.679173	0.036995	0.00001	0.00001	0.096078	0.271552
S955	0.842356	0.00169	0.00001	0.007923	0.013149	0.00001	0.134862	0.977218
S956	0.276907	0.00001	0.468011	0.073221	0.00001	0.005998	0.175843	0.45275
S957	0.242512	0.00001	0.514668	0.079477	0.010692	0.00431	0.148332	0.390844
S958	0.067761	0.002703	0.84787	0.016023	0.011153	0.00118	0.053312	0.121073
S959	0.206432	0.010979	0.604943	0.053534	0.00001	0.00001	0.124092	0.330524
S960	0.235777	0.028205	0.491023	0.105946	0.00001	0.00001	0.139029	0.374806
S961	0.134971	0.010273	0.000013	0.002792	0.39643	0.00001	0.45551	0.590481
S962	0.875696	0.00001	0.007189	0.009452	0.045958	0.010978	0.050717	0.926413
S963	0.176368	0.018765	0.581178	0.093677	0.003688	0.003603	0.12272	0.299088
S964	0.216263	0.034327	0.55537	0.035977	0.00001	0.00248	0.155573	0.371836
S965	0.09447	0.026848	0.782811	0.021549	0.00001	0.000332	0.073981	0.168451
S966	0.237909	0.023839	0.56012	0.042884	0.00001	0.00001	0.135227	0.373136
S967	0.488904	0.04861	0.20317	0.071555	0.00001	0.00001	0.187741	0.676645
S968	0.204937	0.00001	0.591116	0.076542	0.011537	0.00001	0.115848	0.320785
S969	0.223847	0.027697	0.561555	0.040262	0.00001	0.003047	0.143583	0.36743
S970	0.181635	0.00001	0.631675	0.059713	0.00001	0.00001	0.126947	0.308582
S971	0.228495	0.025739	0.527911	0.049547	0.00001	0.001643	0.166656	0.395151
S972	0.087594	0.00001	0.00001	0.062569	0.067275	0.00001	0.782532	0.870126
S973	0.33498	0.001826	0.00001	0.003408	0.030654	0.006116	0.623006	0.957986
S974	0.246157	0.000649	0.493264	0.044949	0.00001	0.003526	0.211445	0.457602
S975	0.179824	0.078365	0.553911	0.02889	0.081631	0.001541	0.075838	0.255662
S976	0.186331	0.00001	0.680726	0.024246	0.00001	0.000293	0.108384	0.294715
S977	0.00001	0.374222	0.00001	0.346045	0.226219	0.053484	0.00001	0.00002
S978	0.358705	0.00001	0.370122	0.071683	0.00001	0.00001	0.19946	0.558165
S979	0.99994	0.00001	0.00001	0.00001	0.00001	0.00001	0.00001	0.99995
S980	0.00001	0.412679	0.579198	0.00001	0.006655	0.001439	0.00001	0.00002
S981	0.99994	0.00001	0.00001	0.00001	0.00001	0.00001	0.00001	0.99995
S982	0.052139	0.00001	0.90075	0.000014	0.008334	0.00001	0.038743	0.090882
S983	0.99994	0.00001	0.00001	0.00001	0.00001	0.00001	0.00001	0.99995
S985	0.11637	0.775175	0.082336	0.026089	0.00001	0.00001	0.00001	0.11638
S986	0.00001	0.00001	0.99994	0.00001	0.00001	0.00001	0.00001	0.00002
S987	0.00001	0.372514	0.00001	0.345473	0.226917	0.055067	0.00001	0.00002
S988	0.222018	0.005944	0.554571	0.051074	0.00001	0.006981	0.159402	0.38142
S989	0.388642	0.006971	0.322898	0.05103	0.00001	0.001089	0.22936	0.618002
S990	0.32752	0.005736	0.428193	0.033513	0.00001	0.00001	0.205017	0.532537
S991	0.00001	0.804612	0.00001	0.00001	0.176731	0.018618	0.00001	0.00002
S992	0.287058	0.00001	0.382201	0.08157	0.00001	0.00001	0.249141	0.536199
S993	0.99994	0.00001	0.00001	0.00001	0.00001	0.00001	0.00001	0.99995
S994	0.102732	0.00001	0.493202	0.336311	0.00001	0.00001	0.067725	0.170457
S995	0.00001	0.373701	0.00001	0.344916	0.227365	0.053988	0.00001	0.00002
S996	0.256687	0.048859	0.397498	0.111956	0.013957	0.006437	0.164606	0.421293
S997	0.966053	0.00001	0.00001	0.00001	0.00001	0.00001	0.033897	0.99995
S998	0.99994	0.00001	0.00001	0.00001	0.00001	0.00001	0.00001	0.99995
S999	0.087972	0.021358	0.125757	0.083975	0.622134	0.010337	0.048467	0.136439
S1000	0.196781	0.00001	0.565707	0.068634	0.00001	0.00001	0.168848	0.365629
S1002	0.184935	0.00001	0.545452	0.097838	0.00001	0.004768	0.166986	0.351921
S1003	0.996293	0.00001	0.00001	0.003657	0.000011	0.00001	0.00001	0.996303
S1004	0.158914	0.031658	0.639912	0.022289	0.001758	0.00834	0.137129	0.296043
S1005	0.00001	0.00001	0.838402	0.095489	0.00001	0.00001	0.066069	0.066079
S1006	0.268872	0.00001	0.527989	0.032179	0.011837	0.004698	0.154416	0.423288
S1007	0.898871	0.00001	0.00001	0.00001	0.008843	0.00001	0.092245	0.991116
S1008	0.335055	0.003959	0.393723	0.050158	0.00001	0.002895	0.214201	0.549256
S1009	0.00001	0.00001	0.835253	0.091416	0.00001	0.00001	0.073291	0.073301
S1010	0.00001	0.00001	0.958053	0.03832	0.003587	0.00001	0.00001	0.00002
S1011	0.920469	0.00001	0.00001	0.00001	0.008264	0.00001	0.071226	0.991695
S1012	0.772154	0.00001	0.00001	0.000211	0.060286	0.002018	0.165311	0.937465
S1013	0.99994	0.00001	0.00001	0.00001	0.00001	0.00001	0.00001	0.99995
S1014	0.99994	0.00001	0.00001	0.00001	0.00001	0.00001	0.00001	0.99995
S1015	0.00001	0.996358	0.00001	0.00001	0.00001	0.003592	0.00001	0.00002
S1016	0.999933	0.000016	0.00001	0.000012	0.00001	0.00001	0.00001	0.999943
S1017	0.902294	0.00001	0.00001	0.00001	0.00001	0.00001	0.097656	0.99995
S1018	0.987229	0.00001	0.00001	0.00001	0.012721	0.00001	0.00001	0.987239
S1019	0.105833	0.00001	0.758239	0.076777	0.00001	0.00001	0.059121	0.164954
S1020	0.067269	0.062114	0.00001	0.00001	0.866595	0.003992	0.00001	0.067279
S1021	0.188355	0.00001	0.569905	0.074684	0.00001	0.00001	0.167026	0.355381
S1024	0.374334	0.00001	0.341603	0.046675	0.00001	0.005702	0.231666	0.606
S1025	0.00001	0.775105	0.00001	0.00001	0.00001	0.224845	0.00001	0.00002
S1026	0.361883	0.00133	0.34089	0.08058	0.00001	0.003717	0.21159	0.573473
S1027	0.11023	0.785499	0.077347	0.026893	0.00001	0.00001	0.00001	0.11024
S1028	0.99994	0.00001	0.00001	0.00001	0.00001	0.00001	0.00001	0.99995
S1029	0.999935	0.00001	0.00001	0.00001	0.000015	0.00001	0.00001	0.999945
S1030	0.99994	0.00001	0.00001	0.00001	0.00001	0.00001	0.00001	0.99995
S1031	0.99994	0.00001	0.00001	0.00001	0.00001	0.00001	0.00001	0.99995
S1032	0.999931	0.000015	0.00001	0.000014	0.00001	0.00001	0.00001	0.999941
S1033	0.99994	0.00001	0.00001	0.00001	0.00001	0.00001	0.00001	0.99995
S1034	0.999938	0.00001	0.00001	0.00001	0.00001	0.000012	0.00001	0.999948
S1036	0.00001	0.00001	0.99994	0.00001	0.00001	0.00001	0.00001	0.00002
S1037	0.00001	0.00001	0.83881	0.096413	0.00001	0.00001	0.064737	0.064747
S1038	0.00001	0.773555	0.00001	0.00001	0.00001	0.226395	0.00001	0.00002
S1039	0.00001	0.00001	0.99994	0.00001	0.00001	0.00001	0.00001	0.00002
S1040	0.11486	0.778856	0.080044	0.026209	0.00001	0.00001	0.00001	0.11487
S1041	0.000011	0.774426	0.00001	0.00001	0.000012	0.225521	0.00001	0.000021
S1042	0.00001	0.00001	0.99994	0.00001	0.00001	0.00001	0.00001	0.00002
S1043	0.995853	0.00001	0.00001	0.004097	0.00001	0.00001	0.00001	0.995863
S1044	0.00001	0.777426	0.00001	0.00001	0.000011	0.222523	0.00001	0.00002
S1045	0.00001	0.00001	0.99994	0.00001	0.00001	0.00001	0.00001	0.00002
S1046	0.106199	0.791059	0.075179	0.027533	0.00001	0.00001	0.00001	0.106209
S1047	0.99994	0.00001	0.00001	0.00001	0.00001	0.00001	0.00001	0.99995
S1048	0.114385	0.779491	0.079815	0.026278	0.00001	0.00001	0.00001	0.114395
S1049	0.999937	0.00001	0.00001	0.000013	0.00001	0.00001	0.00001	0.999947
S1050	0.00001	0.99994	0.00001	0.00001	0.00001	0.00001	0.00001	0.00002
S1051	0.00001	0.00001	0.99994	0.00001	0.00001	0.00001	0.00001	0.00002
S1052	0.00001	0.00001	0.99994	0.00001	0.00001	0.00001	0.00001	0.00002
S1053	0.00001	0.775845	0.00001	0.00001	0.00001	0.224105	0.00001	0.00002
S1054	0.00001	0.776124	0.00001	0.00001	0.00001	0.223826	0.00001	0.00002
S1055	0.113518	0.780093	0.079326	0.027032	0.00001	0.00001	0.00001	0.113528
S1056	0.111546	0.782915	0.078929	0.02658	0.00001	0.00001	0.00001	0.111556
S1057	0.113205	0.780341	0.079705	0.026718	0.00001	0.00001	0.00001	0.113215
N001	0.00001	0.892946	0.00001	0.002536	0.039107	0.065381	0.00001	0.00002
N002	0.824136	0.04162	0.00001	0.00001	0.132494	0.001719	0.00001	0.824146
N003	0.00001	0.00001	0.99994	0.00001	0.00001	0.00001	0.00001	0.00002
N004	0.143409	0.00001	0.553781	0.10113	0.00001	0.00001	0.20165	0.345059
N005	0.00001	0.00001	0.955874	0.038774	0.004319	0.00001	0.001004	0.001014
N006	0.515547	0.0021	0.084751	0.133205	0.00001	0.003765	0.260622	0.776169
N007	0.228621	0.00001	0.45368	0.158532	0.000014	0.00001	0.159133	0.387754
N008	0.308796	0.013336	0.374306	0.081518	0.00001	0.001847	0.220187	0.528983
N009	0.162102	0.00001	0.65288	0.051322	0.00001	0.00001	0.133666	0.295768
N010	0.898801	0.00001	0.00001	0.00001	0.005725	0.00001	0.095434	0.994235
N011	0.00001	0.999939	0.000011	0.00001	0.00001	0.00001	0.00001	0.00002
N012	0.00001	0.99994	0.00001	0.00001	0.00001	0.00001	0.00001	0.00002
N013	0.039619	0.002009	0.907764	0.015505	0.000602	0.003423	0.031078	0.070697
N014	0.188805	0.00001	0.643934	0.036985	0.00001	0.00001	0.130247	0.319052
N015	0.22162	0.00001	0.559719	0.069062	0.00001	0.00001	0.149569	0.371189
N016	0.000174	0.00001	0.997983	0.00001	0.00001	0.00001	0.001803	0.001977
N017	0.162458	0.00001	0.625847	0.089287	0.00001	0.00001	0.122378	0.284836
N018	0.00001	0.00001	0.99994	0.00001	0.00001	0.00001	0.00001	0.00002
N019	0.14673	0.00001	0.55291	0.09744	0.00001	0.00001	0.20289	0.34962
N020	0.00001	0.00001	0.99994	0.00001	0.00001	0.00001	0.00001	0.00002
N021	0.873182	0.00001	0.00001	0.002136	0.00001	0.000781	0.12387	0.997052
N022	0.000011	0.00001	0.999931	0.000018	0.00001	0.00001	0.00001	0.000021
N024	0.085913	0.004535	0.013606	0.888019	0.00001	0.00001	0.007907	0.09382
N025	0.00001	0.00001	0.99994	0.00001	0.00001	0.00001	0.00001	0.00002
N026	0.323972	0.00001	0.314298	0.016326	0.00001	0.003534	0.341851	0.665823
N027	0.88601	0.000012	0.000016	0.00001	0.036368	0.00001	0.077575	0.963585
N028	0.755814	0.00001	0.00001	0.011772	0.015516	0.00001	0.216867	0.972681
N029	0.00001	0.00001	0.99994	0.00001	0.00001	0.00001	0.00001	0.00002
N030	0.873638	0.00001	0.00001	0.001617	0.00001	0.000807	0.123909	0.997547
N031	0.00001	0.00001	0.99994	0.00001	0.00001	0.00001	0.00001	0.00002
N032	0.00001	0.00001	0.999938	0.00001	0.00001	0.000012	0.00001	0.00002
N033	0.00001	0.00001	0.99994	0.00001	0.00001	0.00001	0.00001	0.00002
N034	0.000986	0.00001	0.998964	0.00001	0.00001	0.00001	0.00001	0.000996
N035	0.230362	0.00001	0.562478	0.026753	0.00001	0.00001	0.180377	0.410739
N036	0.00001	0.679061	0.095348	0.02739	0.174165	0.024016	0.00001	0.00002
N037	0.00001	0.90713	0.00001	0.012417	0.015095	0.065328	0.00001	0.00002
N038	0.131568	0.015882	0.478056	0.048258	0.00001	0.00001	0.326216	0.457784
N039	0.00001	0.00001	0.99994	0.00001	0.00001	0.00001	0.00001	0.00002
N040	0.145425	0.00001	0.553157	0.09996	0.00001	0.00001	0.201429	0.346854
N041	0.000018	0.00001	0.999932	0.00001	0.00001	0.00001	0.00001	0.000028
N042	0.20256	0.00001	0.555843	0.122539	0.00001	0.00001	0.119028	0.321588
N043	0.00001	0.00001	0.99994	0.00001	0.00001	0.00001	0.00001	0.00002
N044	0.320859	0.006961	0.432137	0.06366	0.00001	0.001	0.175373	0.496232
N045	0.164425	0.00001	0.625518	0.086795	0.00001	0.00001	0.123232	0.287657
N046	0.00001	0.00001	0.99994	0.00001	0.00001	0.00001	0.00001	0.00002
N047	0.931675	0.00001	0.00001	0.0126	0.00001	0.00001	0.055686	0.987361
N048	0.867346	0.00001	0.00001	0.00001	0.006834	0.00001	0.12578	0.993126
N049	0.06406	0.00001	0.00001	0.00001	0.119392	0.00001	0.816509	0.880569
N050	0.00001	0.00001	0.99994	0.00001	0.00001	0.00001	0.00001	0.00002
N052	0.207021	0.011143	0.452654	0.172061	0.015691	0.00001	0.14142	0.348441
N053	0.890054	0.000012	0.00001	0.00001	0.00001	0.00001	0.109895	0.999949
N054	0.154802	0.00001	0.6057	0.115015	0.00001	0.00001	0.124452	0.279254
N056	0.00001	0.00001	0.99994	0.00001	0.00001	0.00001	0.00001	0.00002
N057	0.00001	0.00001	0.99994	0.00001	0.00001	0.00001	0.00001	0.00002
N058	0.385494	0.009718	0.00001	0.0037	0.035726	0.00001	0.565342	0.950836
N060	0.190027	0.000018	0.642178	0.034781	0.00001	0.00001	0.132977	0.323004
N061	0.00001	0.00001	0.99994	0.00001	0.00001	0.00001	0.00001	0.00002
N062	0.916868	0.00001	0.00001	0.013743	0.002565	0.00001	0.066793	0.983661
N063	0.946909	0.00001	0.00001	0.000017	0.011869	0.00001	0.041175	0.988084
N064	0.909877	0.00001	0.00001	0.021512	0.022483	0.00001	0.046097	0.955974
N065	0.328035	0.004061	0.431601	0.059591	0.00001	0.00001	0.176691	0.504726
N066	0.799805	0.00001	0.00001	0.006246	0.00001	0.005585	0.188334	0.988139
N067	0.186953	0.00001	0.680732	0.023891	0.00001	0.000112	0.108293	0.295246
N068	0.00001	0.967858	0.00001	0.00001	0.00001	0.032092	0.00001	0.00002
N069	0.146868	0.005268	0.6968	0.036038	0.00001	0.00001	0.115006	0.261874
N070	0.154404	0.00001	0.603441	0.119091	0.00001	0.00001	0.123035	0.277439
N071	0.38945	0.00001	0.344585	0.046496	0.00001	0.00001	0.219439	0.608889
N072	0.144319	0.00001	0.552299	0.096772	0.00001	0.00001	0.20658	0.350899
N076	0.725052	0.00001	0.10068	0.024178	0.00001	0.00001	0.15006	0.875112
N077	0.885316	0.00001	0.00001	0.00001	0.00001	0.00001	0.114634	0.99995
N078	0.085335	0.883146	0.00001	0.001838	0.006092	0.010561	0.013018	0.098353
N081	0.604541	0.006872	0.000018	0.00001	0.030715	0.00001	0.357834	0.962375
N085	0.682811	0.002917	0.146759	0.015072	0.00001	0.000476	0.151954	0.834765
N087	0.106307	0.00001	0.00001	0.878911	0.00001	0.00001	0.014741	0.121048
N088	0.648025	0.00001	0.00001	0.021278	0.00001	0.00001	0.330658	0.978683
N090	0.269362	0.00001	0.00001	0.00001	0.699587	0.00001	0.031011	0.300373
N091	0.79067	0.00001	0.00001	0.00001	0.014121	0.00001	0.195169	0.985839
N098	0.448615	0.004594	0.00001	0.427516	0.00001	0.005672	0.113583	0.562198
N103	0.914219	0.00001	0.00001	0.000019	0.00001	0.00001	0.085722	0.999941
N104	0.00001	0.99994	0.00001	0.00001	0.00001	0.00001	0.00001	0.00002
N105	0.00001	0.99994	0.00001	0.00001	0.00001	0.00001	0.00001	0.00002
N106	0.886358	0.00001	0.00001	0.00001	0.024272	0.00001	0.08933	0.975688
N107	0.896612	0.00001	0.00001	0.00001	0.00001	0.00001	0.103338	0.99995
N108	0.084102	0.00001	0.00001	0.00001	0.893644	0.00001	0.022214	0.106316
N110	0.52094	0.000014	0.362669	0.00001	0.000384	0.00001	0.115973	0.636913
N112	0.822657	0.016627	0.000474	0.00001	0.005046	0.000257	0.154929	0.977586
N113	0.635296	0.000012	0.00001	0.00001	0.024059	0.003616	0.336996	0.972292
N114	0.879817	0.00001	0.00001	0.004958	0.010961	0.00001	0.104234	0.984051
N115	0.912931	0.00001	0.00001	0.001911	0.010501	0.00001	0.074627	0.987558
N116	0.913881	0.00001	0.00001	0.00001	0.00001	0.00001	0.086069	0.99995
N117	0.781838	0.00001	0.00001	0.002273	0.002712	0.000896	0.212259	0.994097
N118	0.452751	0.00001	0.257751	0.051088	0.008256	0.00001	0.230134	0.682885
N121	0.771516	0.00001	0.057282	0.009185	0.006213	0.00001	0.155784	0.9273
N122	0.868787	0.00001	0.00001	0.00001	0.005472	0.001538	0.124173	0.99296
N123	0.259976	0.005129	0.478316	0.046345	0.00001	0.003291	0.206933	0.466909
N126	0.06373	0.002235	0.000019	0.00001	0.900991	0.009267	0.023747	0.087477
N128	0.917366	0.00001	0.00001	0.00001	0.00001	0.00001	0.082584	0.99995
N130	0.914017	0.00001	0.000012	0.00001	0.00001	0.00001	0.085931	0.999948
N133	0.120539	0.000462	0.003997	0.00001	0.808319	0.004281	0.062392	0.182931
N135	0.895192	0.00001	0.00001	0.00001	0.005421	0.00243	0.096927	0.992119
N138	0.448284	0.00001	0.00001	0.00001	0.010792	0.00001	0.540884	0.989168
N139	0.878516	0.00001	0.014201	0.0097	0.00001	0.00001	0.097553	0.976069
N146	0.922525	0.00001	0.00001	0.00001	0.00001	0.00001	0.077425	0.99995
N147	0.63393	0.00001	0.00001	0.000419	0.024348	0.00001	0.341273	0.975203
N149	0.912269	0.00001	0.00001	0.00001	0.039995	0.00001	0.047696	0.959965
N150	0.908877	0.00001	0.004133	0.00001	0.017333	0.00001	0.069627	0.978504
N152	0.471918	0.00001	0.00001	0.044452	0.013247	0.00001	0.470353	0.942271
N153	0.061778	0.00001	0.00001	0.00001	0.087109	0.00001	0.851073	0.912851
N157	0.913013	0.00001	0.00001	0.004337	0.005124	0.00001	0.077496	0.990509
N158	0.533061	0.114708	0.00001	0.00001	0.003882	0.040855	0.307473	0.840534
N159	0.907753	0.00001	0.00001	0.00001	0.00001	0.00001	0.092196	0.999949
N160	0.413724	0.009308	0.265033	0.057705	0.00001	0.00001	0.254209	0.667933
N161	0.00001	0.959811	0.00001	0.00001	0.00001	0.040139	0.00001	0.00002
N163	0.14532	0.012345	0.00001	0.837889	0.00001	0.00001	0.004416	0.149736
N164	0.473863	0.00001	0.229755	0.036636	0.00001	0.001148	0.258578	0.732441
N168	0.641028	0.00001	0.00001	0.034034	0.00001	0.00001	0.324898	0.965926
N169	0.624048	0.00001	0.00001	0.00001	0.00001	0.00001	0.375902	0.99995
N170	0.903726	0.00001	0.00001	0.00001	0.009555	0.001137	0.085551	0.989277
N171	0.00001	0.99994	0.00001	0.00001	0.00001	0.00001	0.00001	0.00002
N172	0.906264	0.00001	0.00001	0.00001	0.006838	0.00001	0.086858	0.993122
N174	0.273212	0.00001	0.449777	0.073827	0.00001	0.00001	0.203154	0.476366
N177	0.44768	0.462396	0.006314	0.001521	0.023451	0.015923	0.042715	0.490395
N179	0.915959	0.00001	0.00001	0.00001	0.004882	0.000556	0.078573	0.994532
N186	0.610593	0.015886	0.003102	0.00001	0.023726	0.00001	0.346673	0.957266
N187	0.931349	0.00001	0.00001	0.00001	0.013346	0.00001	0.055264	0.986613
N189	0.87748	0.00001	0.000012	0.000014	0.00001	0.00001	0.122463	0.999943
N190	0.915631	0.00001	0.00001	0.00001	0.009793	0.000021	0.074525	0.990156
N192	0.915138	0.00001	0.001996	0.000017	0.00001	0.00001	0.08282	0.997958
N194	0.897088	0.00001	0.00001	0.00001	0.011363	0.00001	0.091509	0.988597
N198	0.603825	0.00001	0.237541	0.017553	0.00001	0.00001	0.14105	0.744875
N202	0.945426	0.00001	0.00001	0.00001	0.003959	0.002096	0.048489	0.993915
N203	0.913839	0.000011	0.00001	0.00001	0.00001	0.00001	0.08611	0.999949
N205	0.203389	0.003243	0.579832	0.040859	0.00001	0.00001	0.172657	0.376046
N206	0.36018	0.006875	0.00411	0.00001	0.048314	0.00001	0.580501	0.940681
N207	0.870978	0.00001	0.000012	0.00001	0.002309	0.00001	0.126671	0.997649
N211	0.218759	0.00001	0.541497	0.062928	0.00001	0.00001	0.176786	0.395545
N212	0.00001	0.99994	0.00001	0.00001	0.00001	0.00001	0.00001	0.00002
N213	0.656941	0.236774	0.006695	0.000592	0.010447	0.00001	0.088541	0.745482
N217	0.725221	0.00001	0.00001	0.002358	0.000463	0.00493	0.267007	0.992228
N218	0.197494	0.001921	0.002181	0.00001	0.739278	0.00001	0.059106	0.2566
N220	0.863558	0.00001	0.00001	0.00001	0.017072	0.00001	0.11933	0.982888
N221	0.824604	0.00001	0.00001	0.003852	0.014772	0.00001	0.156742	0.981346
N222	0.231225	0.00001	0.000831	0.00001	0.699659	0.00001	0.068255	0.29948
N223	0.00001	0.99994	0.00001	0.00001	0.00001	0.00001	0.00001	0.00002
N224	0.00001	0.999931	0.000019	0.00001	0.00001	0.00001	0.00001	0.00002
N225	0.050201	0.00201	0.01019	0.919733	0.003024	0.00001	0.014832	0.065033
N226	0.156346	0.000013	0.000011	0.00001	0.714358	0.00001	0.129252	0.285598
N234	0.935923	0.001591	0.003676	0.000088	0.017663	0.00001	0.041049	0.976972
N236	0.932662	0.005781	0.004437	0.00001	0.017598	0.002294	0.037218	0.96988
N237	0.00001	0.908338	0.00001	0.000011	0.007678	0.083942	0.00001	0.00002
N264	0.00001	0.00001	0.999939	0.00001	0.00001	0.000011	0.00001	0.00002
N283	0.047156	0.065424	0.00001	0.00001	0.859686	0.027704	0.00001	0.047166
N301	0.007946	0.877979	0.00001	0.006945	0.040956	0.056659	0.009505	0.017451
N317	0.878432	0.00001	0.00001	0.00001	0.00001	0.000666	0.120862	0.999294
N318	0.805845	0.017282	0.00001	0.005506	0.00262	0.001457	0.167279	0.973124